_________ rirs-12500-100-0c057cab info ___________
# of points: 12500
# of triangulations: 100
# of edges in T: 37474
# of faces in T: 24975
max pfd T_20: 18
min pfd T_1: 15
____________________

______ rirs-12500-100-0c057cab pfd dist. ________
pfd 015 (021):  ********************* (T:1,3,4,11,12,16,18,19,22,23,26,42,43,48,55,60,77,80,82,85,96,)
pfd 016 (046):  ********************************************** (T:0,2,5,7,9,10,14,15,17,21,25,27,28,30,31,32,33,35,39,40,45,46,47,50,53,54,56,57,58,61,63,64,66,68,69,72,74,76,78,79,87,89,93,94,95,97,)
pfd 017 (024):  ************************ (T:6,8,13,24,29,34,36,38,44,49,51,59,62,65,70,71,73,75,81,83,86,88,92,99,)
pfd 018 (009):  ********* (T:20,37,41,52,67,84,90,91,98,)

---------------------
______ rirs-12500-100-0c057cab pfd dist. ________
pfd 015 (021):  ********************* (T:1,3,4,11,12,16,18,19,22,23,26,42,43,48,55,60,77,80,82,85,96,)
pfd 016 (046):  ********************************************** (T:0,2,5,7,9,10,14,15,17,21,25,27,28,30,31,32,33,35,39,40,45,46,47,50,53,54,56,57,58,61,63,64,66,68,69,72,74,76,78,79,87,89,93,94,95,97,)
pfd 017 (025):  ************************* (T:6,8,13,24,29,34,36,38,44,49,51,59,62,65,67,70,71,73,75,81,83,86,88,92,99,)
pfd 018 (008):  ******** (T:20,37,41,52,84,90,91,98,)

---------------------
center edges are same: True, 0 diff edges
---------------------

