10000011100000,0000001001000,100000100011,10100100001,0110100000,100010111,10000101,1101100,001000,00010,1100,100,00,1,
10000011101000,0000000001000,100110100011,11110000000,1011000100,100011111,00000001,1100000,001100,00010,1000,100,00,1,
11000010100000,0000011001000,100010100011,10110000001,1110000100,100011110,00000011,1001100,001000,00010,1000,100,00,1,
10000000100000,0000011111000,100010100011,10111000001,0101000100,100010111,00000101,1100000,010100,00010,1100,000,00,1,
10000000100000,1000011101000,100110100011,11110000000,1011000100,100010111,00000001,1000000,011100,00010,1100,000,00,1,
10000010100000,0000011001100,110000100001,10100000001,0110100100,100010111,00000101,1100100,000100,00011,1100,100,00,1,
10000010100000,0000011001000,110010000011,10100000001,1111000100,100010111,00000001,1100010,011100,00010,1100,000,00,1,
11000010100010,0010011011000,110010000011,10000000101,0011000100,100010111,00000101,0000000,010100,00010,1100,000,01,1,
10000000100000,0100011101000,100100100001,10110100000,1110000100,100011111,00000001,1000100,001100,00011,1000,100,00,1,
10100011100000,0000001001000,100000100011,11111100001,1001000100,100011110,00000011,1000000,001100,00010,1000,100,00,1,
10000001101000,0000000001000,100010000011,10010000001,1110000101,100011111,00000001,1101110,101000,00010,1000,100,00,1,
11000010100001,0000011001000,100110000001,10110000000,1110000000,111010111,00000001,1000000,011100,00011,1100,000,00,1,
10000000100000,0000011111000,100100100001,10100100000,1111100100,100110111,00000001,1100000,010100,00011,1100,000,00,0,
10010011100000,0000001001000,110100100001,10100000000,1111100100,100110111,00000001,1000000,011100,00011,1100,000,00,0,
11010010100000,0000011011100,110100100001,10100000000,1110000100,100010111,00000001,1000100,000100,00011,1100,000,00,1,
11000010100000,0000011001000,110110100001,10100000000,1110000100,100010110,00000011,1000100,001100,00011,1100,100,00,1,
10000000100000,0000011111100,100010000010,10110000011,1110000100,100010110,00000011,1100110,000100,00010,1100,000,00,1,
11110010100000,0000011001000,100100100111,10000000100,0011000100,100010111,00000101,1000000,011100,00010,1100,000,00,1,
10100011100000,0000001001000,100100100000,11110100100,0011001100,100010111,00100001,1000000,001000,00011,1100,100,00,1,
10000001100000,0000001001000,110010101011,00100011101,0011001000,100010111,00000101,1100000,101000,00010,1100,000,00,1,
