10001001101111,0000000011001,001000000100,00110000001,0010000100,000011100,10100011,1000110,000110,00011,1001,000,00,0,
00000001100100,1000100101101,001000001100,00111000011,0010000100,000011000,01100011,1000100,100110,00100,1001,001,00,0,
01000101100110,1000000100001,001000101101,00111000011,0011000100,000011001,00100011,1000000,000110,00001,0001,001,00,0,
11001101111110,0000100110001,001000000100,00111000011,0010000100,000011000,00100011,1000100,000110,00000,1001,000,00,0,
11100011101110,0000100111001,001000011100,00110000011,0010000100,000010000,00100011,1000100,000100,00010,1001,000,00,0,
01010101100000,1000100101001,011000101100,00110000011,0011000110,000011000,01100011,0000010,000010,00000,1001,001,00,0,
00010101100110,1000000101101,001000001100,00110000011,0011000100,000011001,00100011,1000010,000010,00101,0001,001,00,0,
01000011101000,0000000001011,001001001100,00110000011,0010000100,000011000,00000011,1100110,000100,01010,1001,011,00,1,
00000100100110,0000100110001,001000101100,00110000011,0010000100,000011000,00100011,1000110,000110,11100,1001,000,10,0,
01000011100000,0000100001011,001001100100,00110000011,0010000100,000111000,00000011,1100110,000100,01010,1001,011,00,0,
00000111100110,1000100101001,001000101100,00110000001,0011000100,000011000,10100011,1000010,000100,00100,1001,001,00,0,
00010000100100,0000100011001,001000000100,10111100011,0011100100,000111100,00001011,0000000,100000,01110,1001,010,00,0,
01010101000010,1000000101001,011100111100,00110000011,0011000110,000010000,00100011,0000010,000010,00001,1001,001,00,0,
01000100100100,0001100101001,001000100100,00110000011,0011000110,000111000,01100111,0000010,000110,00000,1001,001,00,0,
11010100100000,1000000101001,011000001100,00110000001,0111000100,000011000,11100011,1000010,000010,00001,1001,001,00,0,
11000010101011,0000000001001,011011001100,00110000001,0011000100,000011000,10000011,1000010,000000,00011,1001,001,00,1,
01100001100100,0000100011011,001000100100,00111100011,0010000100,000111010,00000011,1000100,000100,00010,1001,010,00,0,
01100010100000,0000100001011,001011101100,00110101011,0010000100,000011001,00000011,1000100,000100,01000,0001,011,00,0,
11101000100000,0001100101011,101000000100,00111100111,0010000100,000011001,00000011,1000100,000100,00010,0001,001,00,0,
01101001100000,0001100001001,001001000100,01111100011,0011000100,100111010,00000011,1000000,000100,00000,1001,001,00,0,
110101100110,1000000100,0100100,001000000100,1000110,0011000100,00100011,1000010,00101,000110,1000000,1001,001,00,0,
01100001100100,000010011011,001000100100,00111000011,0010000100,1010,01100111,001000001100,00101,000,0010101011,11,00,0,
011000011000110000,000110,110000,001001000100,0010000100,000011001,00000011,1000100,10000011,0001,1001,011000,00,
11010100000010000,001000001100,001011001000101100,0011100,0011000110,0010000100,000011001,1000110,1000100,000100,1001,001,000,0,
0001110000011000,0000100110001,00111000011,001000101100,000,0010000100,11100011,01100011,000110,100110,00000,1001,001,
0101100010100000,0001,00101100111000011000,00110000011,000011001,01100111,00000011,000010,000010,1001,001,0,00,0,
00001001111100110,0000000000001000001,0010,00110000011,0010000100,000011001,01100011,1,0001,00001,1001,000,00,001,00,
0101001000001100100,10001001011,00,01001000011000,0010000100,00100011,00000011,01101,000100,01000,1001,00100011,00,
00010101100110,1000000110000001011001,00100001000001100,000010000,000110,000011000100110,10100011,1000110,00000,00000000,1001,010,00000,
0001011000000100001,00110000001,011,001000000100,,,0010000100,00100011,0001,001011,00011,0010000100,1001,,100,,0,
01001000000000,0000010101101,000010000,00111000011,000011000,000011000,01100011,100111,001000101100,1100110,000110,00,0,0,
1110001100111000011100,000010011100110,001000100100,00110000011,00011001,000111010,100111,00000011,0001100,01010,1001,11000101100,000010,010,001000001100,0,0000100001011,1,00111000011,0,00110000001,1100,000011000,0010000100,001,1000100,
0101000100100,0000100011001,100111000110,00111100011,0010000100,00101,00000011,0010101011,000110,00100,01,1000000,00,0,00,01000,
011001100110,00111000011,0000000011001,001000000100,00110000001,0010000100,0000010,10100011,1000010,00101,00,001,00,00,0,
000100011000011001,0000100011001,001000100100,1,0011000110,001000000100,0010,0000010,00001001001,01101,001100,001,00,0,0000100001011,000100,0,
1100101001110100,001000010000100000011000,001001000100,0100100,1000010,00000011,000110,000010,000010,1001,00,00,0,010,0,
011000010101011,100001000010011101100001100
010101111001010100100,000100101011011001,001000000100,00110000001,000,1000010,00000011,000110,0011100,00001,00011,001000101100,00,0,
0010101011,01100111,01101,001000001100,1000000101001,00110000011,0010000100,11100011,1000010,01100011,0000,1000000,1001,001,1001,011,
10001000011101000,1000000101001,011100111110011000100,0111000100,001000100100,000101,1000010,0111100,00000000,1001,1000000100,00,1,
1000100111000110001000,0000100,001000001100,00010,0110100,001011,10100,00000,0000000,000100,001,0011000100,
0001010011101100110,00001000110000011001,101100,00111000011,0010000100,000011000,0010,10100011,001000101100,00001011,0001,011,00,0,
11010100000011001,00111000011,011011001,10100011,00111000011,00110000001,11100011,00100011,000100,00000,011,010100100,001,00,
0000101011110000010101100000011,001001100110,00111000011,1000000101001,01100111,1000100,1000100,000010,00001,101100,00001011,1,0,
111011100110,10100011,0000100110001,001000000100,00111000011,0010000100,11100011,00110000001,000100,000100,0000100001011,0001,1000000101001,00,0000,
11010100,000001101001,00110000011,,00110000011,0010000100,0011000100,10100011,,00100,001,001,001,00,001,
01000011100000,01100011010100,011000110010010111100011,000010000,,00001,00100011,01100011,100000,00010000010,01100,0,01100011,0,0,
10001000101100110,0010,011010,00110000011,0,0011100100,00100011,,01010,00111,100111,100000,,1001,0,
00010000111100011,1000000101010,01110,01001,00110000011,101100,01,00001,1000100,000110,1001,,00,00,001,
0100100110,01010,01100111,001000011000100,0010000100,0010000100,00100011,00100011,0000100,00000011011001100,1001,00010,00,0,
000101001000100,00000000000,001000000100,
010100111000100101001,0000100001011,0010110000100110001,00100000011001,1000100,000011000,00100011,011001001100,000100,00011,,011,00,0,00,01100
01010011101000,00001000000000001011,11001001000001100,0011000110,000111000,000010000,00100011,010100100,1000000100,00010,1001,000,
110101000,00110000001100,0010101011,00111000100,00000011,1100000,100111010,0001100,00110000011,1001,011,1001,0,001,,,
0101000110100,100000,1001,00110000011100,00110000011,0010000100,010,00000011,1000100,000100,00010,0101100,0101011,,,0,
110011000110000,0000000001,10000001100,00111100011,0010000100,00001,00000000,1000100,000010,00111100011,01,1000000100,00,0,
000000111100,000010011011,001000011100,1011,000111000,101100,00000011,1000100,00000,00010,1001,000,001000001100,0,
01100001100010,0000100011001,0010000101,00111100011,0010000100,000011001,00010,000010,01100011,01010,1001,00000000,00,0,
0010010100001000001100,10100,000011001,00110000011,011,0010111001,000010000,00100011,000010,
00100100,000111100110000011,001000100100,011001,0011000110,0010000100,001000101100,00000011100,000010,01101,1001,011,00,0,
11010100100000,0001100101001,011001100,0010,0001100,000010000,0000100110001,10001001100011,01010,0001,001,00,0,0011000110,0,0,
11001010011111100110,010101100100101101100110100,00010,000011000110,00110000001,1000100,00000,1001,0001,101100,00,0,
00010000100100100,0000010,00100,00110000001,00110000011,000111000,0010000100,00000011,1000100,000100,1001,001,011011,1001,
00010101100110,100000010001,011,00110000011,00110000011,000011000,00100011,1000010,00000011,01000,000010,1001,001,00,0,
00101110000011010101100000110001101100110,001000000100,001100000110110001110100011,0011000100,00100011,1000100,000110,1000000101001,1001,010,00,1,
1000000100001000101100,,01101,010100100,10100011,0011000100,00111000011,000011,1000100101001,00001,000100,01010,1001,0010,0,0,001,11100011,,
000100000110,,01101011,11001100011,00111000011,0010000100,00111100011,00000011,1000100,000100,10100011,1001,010,1001,0,
111000100101001,1000000110100011,1010,001000001100,00111000011,0011000100,000011000,001000000100,000110,000110,00000,
11100011101110,000010011011001000101100,00110000011,0111000000100,000101010,00000011,000010,1010,00011,010,001,0,00111100011,
000110001100100,1000100101101,101100110000011,100111100010011100011,000011001,00000011,1000100,000100,00010,1001,001,00,0,
1011001100000,00110000001,011,00110000011,00110000001,0010000100,00100011,11100011,01101,00010,10000011,0001,011,00,0,
011000101100100,000110011000110,001000100100,1010,0100,000011000,0011100,000101,,00100,0000,1001,00100,00,,0,
0010000100010100000,00001000110010010,1000100101001100,0010,01100,000010000,00001,00000,00110000011,00010,000010,000,0,0,
0101010100100100,00000000000011001,0,001100,001000000100,0100,000010000,0000010,000100,00,1001,1001,011,00,0,
00000000100110001100,011001,0111011011001,00110000011,00110000001,01100111,01000,1000100,000100,01010,000,0000100001011,00,
1100110101000111100011,0010101011,1001,001000100100,0011000100,1001,000010010000100,00111,110011011000010,1000100101001,1001,1001,0,1,
01100010100000,000010101,0000000,0010101011,0011000110,000010,01100011,000010,100110,01011,1001,001000001100,00,0,
01011011101100,001000001100000100,001000000100,01,00111000011,1100110,0101100,000010,00101,00001,0001,001,00,
110001010,100000010000010011001100,0010010111100000,0011000100,10100011,00101,1000100,0000100001011,0000,0011000100,001,00100,0,
10000011001001100110,1100110011010001000011100001000100100,0001100,0010000100,000011000,1000010,000010,000110,00110000011,0001,00000,00,0,0001100,0,
01010,100,,,,100,01,,0011000110,,,,,100111,00000011,1010,,,1100110,0,100,00101,00001,
1101100111,10000001,00000000,00100,00110000011,000110,1000000,0010000100,00100011,00,000100,1001,000,00,00,0000001,
1110001110000001100,0001101001,1000100101001,0010001100110,000111000,01100111,001000001100,1100110,000100,0010101011,000111000,00000000,00,1001100,0,
01000100100000,00101011001,001000100100,000110000100,1000100,0011,00000011,00000011,10000001000100,1001,001000001100,0000100001011,0,
01000101001000011,000100,001000001100,0011000110,00110000001,0010000100,000011000,00100011,0010000100,011001,00,1001,0101011,00,,0,
11100011000110000,0100100,01100010,00110000011,,0010000100,,00111000011,00000011,1000100,000100,1001,001,00,0,
100111110001000,0000100001000001100,00110000011,000111000,00000011,0010000100,000010000,00000011,10000011,000100,00011,1001,00,00,0000100,
01100010101100110000011,000110011010,0001110100
01100010100000,100110,0011,00110000011,0011000100,0010000100,000011000,00100011,10000001010011011,000110,00011,000,000,0,100000,
01100110101100010,100011001011,00100000,0100100,0010000100,000010000,100111,0100,000100,1000100,0001,001,00,0,
0000000010001111,000000111100011,001000000100,00110000001,0010000100,000011000,01100011,100010011,00101,0001101,100,001000100100,0,1001,00,001,
010000111010000001,0010101100,001000001100,0010000100,0010000100,100,000101,000110,000100,00001,1001,011,00,0,
00000100001100,1000000101001,011100111100,00111000011,1001100,000010000,0000010,00100011,00000,00011,100000,000,0,0,
01011101111,0000000011001,001000001100,00111000011,0010000100,000011000,00000011,1,00101,01010,00111000011,010,00,0,1000000,0,001,,1,001,0011,,1,,,0000010,0001,00,010,
00000100100,00111000100,00100000011000,0000010,0010000100,1100110,10100,01010,001000000100,1000000,1001,11100011,00,0,01100111,000,001000000100,
01000001100100,1000100001,00100011011,00111100011,00110000001,000011001,10100011,1000110,000110,00011,1001,001,00,1001,
10001000100100,0000100001011,0010011000011,000011001,0011000110,1100,000101,00111100011,000100,0000001000101100,1001,01100,0,00,001,00100,01010110,1,010100,,0011000100,,00,1001,100000,
10000100001001100110,000010001001,0010000110000011,00110000011,001100,000010000,10000011,000010,1000100,00101,000,010,00,0,
010000110000001100,001110000111000100,00100100,00111100011,0010000100,000011000,10000011,01001,100110,0011000110,1001,001,00,001,
101100
01000101000,00000000010100100,000010000,00110000011,00110000011,000010000,000010000,000101,1000100,00000011,0010000100,0001,011,00,1,
110011100110100,100011000100011001100100,10000001,0010000100,000011000110,00000011,000010,101100001,000,1000100101001,00,010,010,1001,
0000100101100110,0100,100000010000,00111,0111010,000011001,000111000,1000100,000100,00001,1001,001,00,0,
01000101,1000000100101000000,,001000000100,0010000100,0010000100,00100011,00000011,10000001,000010,0001100,0001,00,00,0,
011001111001110010010001000011000101011,00100001000000100,000110,0010000100,001,00000011,1000100,000110,00000,1001,011,1001,0,0011000100,0,0,
0000100110001110001,00000000,0110011000100011,00110000001011,0010000100,000011001,00000011,1000100,1100110,1001,1001,000,00,001,
1001110000100110001100,100010011000010000100,001000000100,00110000001,0011000100,00001100101001,001000001100,10001001011,11100011,01001,010100100,00,10,001100,0,0,
000010010101011,00000000,00000101100,001100,00110000011,0010000100000110,100111,00000011,0000100110001,000100,00011,,001,00,00100,00,0,0,
010100010000100100,0000100011000,001000000100,0010,0010000100,000111100000011000,10111100110,000110,00011,1001,000,00,0,
10001001011000,1000000100001,001,00110000001,00110000011,0010000100,01100111,10000011,1000100,000100,00011,10011100,00,0,0000,00,0,
01000011100000,0000100001011,011001000101101,01011,100,000010000,0000010,1000110,000010,1001,1001,000,00,000011001,
1100001000001100100,00110000011,0110000100100,00111000011,
000000100010101011,000000000010000100100,0011,0011000100,0010000100,000111000,00000011,1000000,1100110,01000,011001,011011,001,0,
000010001101100100,010100101100,001000000100,00110000001,0010000100,0010101011,1000100101001,1000100,00000011,00000000,1001,1001100,00,0,
000001000011110,1000000,0011000110,0011000100,0010000100,00100011,00000011,1000100,0010101011,1000000,1001,,001,00,
000010110001100,011001,0110001,0100,01100000110,00110000001,00001,1000010,000100,1000000,0010000100,1000100,00,001,
010100100010010010010100101100,1010010,0011000100,01111100011,000011000,0011100,000010,0000,1000010,1001,00000011,00,0,
0110011001101111001001,001000100100,00111000100,0010000100,0000010,00000011,1000100,000111000,1000000,1001,001,0,
11100011001000101100100,101100,01100001000010000100,00111000011,000011001,10000011,000111010,1000100,000100,1001,000,00,00,0,
000001000000000,0001100001001011000011000100,0010101011,00110001101000100,001000001100,00000011,00000011,000110,00001,0,000,00,,0,00,,,1000000,
01000100100100,0000100110001,0110001100011,00,,000,0010000100000100,0010000100,1100110,000100,000011001,00001,001,011100111,
01100010100000,0000100001011,001011101100000,0100100,0010000100,000011000,00000011,00011000110,00000,00,001,1000100,00,0,
01000001000100100,00000,001000001100,1,1011,0010000100,000011000,1000110,1000100,00111,00000,1001,,000,0,1,
0100000110,100000,001000011100,1,011,,,00001,,0000010,000010,01000,00011,00001,001,0,
0001110000011,100000010101100,011,001000000100,,00110000011,010100100,,,0011100,1100110,1100,00011,
010000111100,0110010110011,01100111,000111000,0010000100,100,011,1000100,00000011,1001,100110,0011100,00,000011001,
001110011000,1000000101001,01110,10100,0011000110,,,,1000110,00,0010000100,00001,1000000101001,011,000110,,0,
0110001001010,1000000101001,1001,0010001011,00110000011,001100,000011001,100111,1000100,000100,1001,10,001,0,0,
1100110010100100000,1000000101001,01000000011000,00110000011,0101011100,010100100,00000011,1000010,1000000101001,0010101011,1001,011,00,
0010000011000011100000,0000100001011,00000000,0011000110,
01000011100000,00110000001,0000,001000000100,00110000001,0010000100,0001110000011,0011100,1100000,0000100,0001,00000000,00,0,
0110010011101000,1100110,011001101100
1110001110110,00101,110011010,11,0011000110,1100,01100111,1000100,1100110,1000000100,01010,1001,00,00,
011001100011100000,0000100001011,01100110000001,0001100,01,0000100,000010000,00100011,1000100,00000,1001,000,0,00,01011,
0001011011100110,0001001001,1011,1100110,011,0010000100,000011001,00100011100,00101,00,1001,001,00,0,00,00,
0100001110011000100,0,00011001,10000001,01000,01100110010,000011001,1100,01101,01011,00010,1001,00,001,0,
10001000110001101000,01100110,001000001100,00110000011,00101,001000101100,01100111,10000011,1000110,110,101100,000011000,1000100,00,000011000,
01001011001011,000000001,0000100,001100000110001101011,000011000,1000000100,0,000110,001011,000100,001000100100,00,0,00001,00,0,
0000010000111,1000100101001,0111100,001111,0010000100,00100011,00000011,1000100,011,011,000100,011000011000,000,
1000100101110,0000100111001,0011000110,00111000011,0010000100,00011,1000110,0011,01100,00100,1001,00,1000000101001,011,001000001100,0,
1000100101110,0000100111001,001100,0011000100011,00111100011,00011001,00000011,00000,000100,00010,1100000100,00,0,
0100101111000011000,001000100100001001000101100,00110000011,0011000110,00100001001000100,00011000111000,010,00000,00010,01100110,11,00,01101,
01100001100100,0000100001011,00110000011,001000000100,00111000011,00111000011,0000100,11100011,1000100,0100,000010,1001,11,00,0,
01100110000001000,001000100100,011000101100,01100011,000010,0010000100,0011,00000011,1000100,01010,001,100000,001,00110000011,0,
0011000100100100,000010001101100,001000001100,0000100,000011000,000011100,0000010,000010,000100,1001,001000001100,011,0001011,001,1000010,0101100,000011001,0,001000000100,1000000101001,00110000001,011,
00011100010001100110100,01001,0010010011001000010,0010000100,00100,00000011,0001100,111000100,,1001,00111,00,0,01100111,0,0,
0100001111010,000000001000100,00100
0001010001010000011011000110010010101011,001000000100,0000001,00010,00111000011,1000000101001001,00,1000000,1001,10000011,00,0,
01000011100000,000110,1001,00100100111010000110000001,,0001,00001,000110,001100,00111100011,1001,000,00,0,
1001100100100,0001100101001,0010010110100,001011,000011000,00110000011,01100011,01001,000110,1001,1001,000,00,0,
111011
011001110010,0000100000100,0010000001001000100,00110000011,00111000011,010,0000,001000001100,000100,01,1001,011,00,0,1000010,01010,,,1001
01100001100100,000010000110000011,001000000100,000110,011,0010000100,1100,00000011,1000100,000100,00011,1001,1001,010,0,
1110000011,,10100,01100001011
011000011111001,01101,001011101100,000111000,0011000110,1000000100,1000110,0101100,000010,0001,010100100,00000,00,0,00,
01100010100000,0000100001011,0001,00110000011,00111100011,000011001,00100011,
1110111100010100110000001,01100010100,00110000011,011,,0010101011,10000001,1000010,000010,1100110,1001,00,00,0,
001100100000,10000001,00001001,0010001011,00110000011,100111,011,00000011,00001,000110,1001,00,00,00,1,
1110001100110000011100,00001001100011100111001000100100,00110000001,00010,00000010101011,01100111,000010111000100,00011,000010,000,00,0,
0100001111000110010000100,1000100101001,1000100101001,00110000011,00111000011,0010000100,001100,00000000,1000100,000100,000100,1001,100,00,1001,
111101111100011,00110000001001000101100,000110,1001,000011000,,000011001,010100100,1000100,000100,01000,000,011,00,011001,0000100001011,00,,
1110001101010001000110001010110011000100,000101,00110000011,001001100,101100,00000001,10100,000110,00011,1001,10,0001100,0,
00010101100110,10100000010000101101010,001000100100,00111000011,,1000100,000011000,00000011,1000100,000010,00000,1001,001,00,010,
11001000001100011,0000100001011,0001,00111000011,010100,00111000011,000,001,0000,000010,01000100,,000,00,0,
110101010100011000001100,01101100011,00110000011,00111000011,000011000,000011001,0011000110,1100,00000,100111,1001,000,00,1,
011000011100100110,0000100000100,001011001000101100,0011000100,0010000100,01010,00000011,01101,000010,01010,1001,000,00,
010001100111100,0011000110,001001,01,0,0010000100,0011000100,0000010,00101,000110,1001,001,01100011,00,
0100010100100001100,1000000101001,00111000011,011011001,0101011,0011000100,000011001,00100011,1000100,000100,1001,1001,000,00110000001,
0001000001100011,00000000,01100001000100100,0011,
001000100100,10,
1111100110,0000100110001,001000101100,001000000100,00111000011,0010000100,000011000,0000010,1000100,1011,00000,000100,001,00,00000,
010000000101011,000010000,01100101100,00110000011,011011011,01100011,00111,1000100,000100,10000001,1001,000,00,
0000100101100,,00000000,011,0010101011,00110000011,0010000100,0001110000010000100,0011,01000,000100,00111000100,00001,1001,011,0010000100,1001,0000,1000000100,01000,00110000011,01011,
000100000010,0100,01100011001,001000011100,0000,000011000,00000011,00,100110,01000,1001,000,00,000110,
01010011100100,001000101,00100001011001100,0011000110,100111,000010000,1000110,00100011,1100110,0100,1001,00,0,0,000111000,000100,,1,
0101110110111000100000,001000000100,00110000011,00110000011,000111000,000011001,0000100001011,1000100,00000,0000101011,00001,,00,0,
0101101100100010110101100,011,001001011011001,0010000100,000011000,00000011,000100,001000000100,100000,1001,00,00,001,
01010000011010001001001100110,000001010100100100,00101,00110000001,000010000,00111100011,1000000,00000,00010,001000101100,000010,00,0,
000110101001001100000000010,01100,0011000110,0011000100,1000100,000011001,00100011,00110000011,000100,00001,001,000010000,00,,
0101001000100100110,0000100001011,001000001100,001000000100,01011,10000001,000011010,00110000011,1000100,000010,01000,001,000,1001,
01000011100001,1000000100001,00100100,00111000011,0011000100,000011000,10,,0000111,00000,1001,0000100001011,00,0,1,
1011000001000,0010101011,01100110,00100000110000100011,100110,000100,00000011,1000010,000110,0001,0001,001,0001,0,
01000101100
0101010100100,000010011,001000100100,101111000110011000110,000011000,000111100,1100110,01010,1001,100110000011,00,0,0001,001000001100,0,
000010000101100011000100,1000100011001101010,001000001100,00110000011,000011000,00100011,000010,1000100,1010,0010,1001,,000,1,,
000110001100011000,0000100001011,0110000100100,1001,0010000100,000011000,01011,0011,0000001,
1011001000100001110011100011,0101,000110,00001010100100,000010000,00000011,1000010,10100,000010,0100100,0001,001,0001,0,00,0,
1000100101110,0000100010,001000100100,00111100011,00010,000111000,000010000,00101,1100000,0000,1001,000,00,0,10100,1001,0001100,
1101010,,1000000101001,01100001000100100,00110000011,0,01011,00011001,00000011,000100,000110,01011,001,,00,0,
11100011000110,,11001100,,00100,00111100011,0010000100,000011000,010100,100,00101,1000000,1011,1000100101001,00,
110011100000,0000100001011,,01,10111100,0010000100,1000100,0101011,00,000010,01000,1001,01000,00,0,
00000001100100,100010001001,001000100100,001001100110,0010000100,00,1000110,,000110,000100,01010,,000110,00,0,
010000110010000001,00011001100000,0000,001001100,1000000100,000111100,0001100,01100111,001000000100,1000000101001,1001,1,00001,0,
0000010100000,0000100001011,010100100,001000011100,00110000011,000111000,01100111,1000100,1100110,00000,000111000,100000,000,00,
000100101110,000110011101100110001000100100,0001100,001000000100,110011000100,00110000001,01000,001000100100,01010,01010,001,00,0,
00001100111011,011001,01100110,001000001100,00111000011,0010000100,00100011,1000010,1000100,000111000,00010,1001,000,00,0,010,00,0,
00000100000,1000100101001,001000101100,000010,0011000100,0010000100,00000011,010100,1000100,1000100101001,000011001,01010,001,00,1001,
100010011,1100110,000110010011011001,0011000001111,000111000,01100011,1000010,1000110,000110,1001,1001,011,00,0,
01000011100000,00110000011,111100110,00110000011,00111000011,000111000,0011000100,00000011,1000100,000100,00001,1001,1000000100010100,0,
0011100001110110000101100000000100000000011001000001100000,0010000100,000010000,000011000,01100011,1000100,0010101011,00000,1001,000,00,0,
000100100100,100010001101,1000000110100011,00110000011,001000100100,1000110,01100110,11001,1000010,001001100,1001,100,1001,0,
0011000100,100110,0000100001011,00100,01100101,00110000011,1010,1010,00100011,0000111,00001,1001,0,00,
00001000110000,1000000101001,011000010000100,00110000001,010100,00001000110,0011100,10000011,00000,00011,1001,00,1001,
0001100100100,0000100001000100100,001000100100,101100011001,0010000100,000010,1000110,000010,000100,00001,001,0001,00,001000000100,010,0,0000110010100100,100000,0000100110001,1000000100
000101010010101011,10000011,10000001,0,1001,0010000100,1001,10000001,1000010,1000110,000110,1001,000,0,101100,1001,0,0,
0011110001100100000,1000000101001,011100111100,0011000100,0010000100,00000011,00000011,000110,000100,000101,1001,00000,00,0,
00000011,000,01,01100011001,000110,00111100011,1100000111000,00011,00000011,000100101100,1001,000,010,001100,
01010011101000,100000010011100110011100011,0011000100,0010000100,010100100,0010000100,,000,000100,001,0001,01010,00,001,
011001000000101001000,0000100011011,001000000100,0000,00111100011,000011000,1000100101001,1000000100,010100,01000,1001,001,100111,0,
10001001000000,0011001000000,011000010010000011,00111000011,001000010000011,01100011,1000000101001,000010,011,1000100,001,010,0,0,
0101101111,000110,0000100001011,001000001100,0100100,00000,00000000,00100011,000010,000110,00000,00001,000,00,0,001000000100,0,0010,
011000011000101100,01100111,011,100,0011000110,0010000100,00100011,01100011,000110,000100,00001,1001,011,00,0,
00010000100010,10100,01111100011,10110101011,0010000100,000011000,1000010,100111,000010,0000100001011,0011000110,0000100110001,00,1000000101001,
0010000100001000,1000000100,0010000011001010,00110000011,00,0011000100,00001,0,00001,000100,0010000100,1001,00,00,0,
00100001000001100100,1000100101101100001000100100,00110000001,00110000011,000011001,000010000,00100011,1000100,000100,0101011,0100,1001,0,
0001101000100,10000011,011100,0001000111000011,,00011001,000011001,011001,000011100100,1001,001,01100000,1001,
11010010010,0000100110001,01100000100,0010000100,10011100110000011,000011000,1000110,000100,00110000011,00001,1001,001,001000100100,0,
111000110010000001000011100,0011000100,1011,001000001100,0101,000011001,000011000,1000110,1000100,000010,00000,1001,001,000001,
01011011110,1000000101001,001000100100,001001100011,0010000100,1011,000011001,1000100,000100,00010,010,000,100110,
0000000111100110,00011001100,00100011001,001000000100,000010011100100011,001000000100,00110000001,11,0000000,0001,011001,00,0,
10001000100100110,11100001100,00100,0011000100,0010000100,000011001,00100011,1000100,1010,00111,1001,000,0010101011,0,
01100001100100,0000100001011,011000101100,000101,00110000011,000011001,01100011,101100,1000110,000100,01010,01000,011,00,
0000010001000,001000001100,0000100110001,00110000011,1001,0,000011000001000101100,0000010,00111001100,1000000,1001,001,00,0,
0110011001,00001000110110001100111,001011,011011001,000011000,000111010,000111100,100000,1001,011,00,0,00,00,
01100010100000011000,0001,0010110101100,00110000011,0011000110,1000110,01100011,01100111,1000100,000110,1001,,00000,00,011,
01000101100110,1000000100000110,00100,0011,00011001,0010000100,
1101001100000,000010110100100100,001000000100,0010000100,00011001,00000011,010,000010,11100011,1001,1010,00,0,
01100001100100,0000100000011001,001000100100,00111000011,01011,00010,01100111,001000001100,000010,01000,00,00011,00,1001,00,0,
00000100100110,0000100110001,000100,00110000011,00100011,000011000,000010100,00100011,1000110,000100,000110000010,01101,0,0,10100,0,
00000101000,0001001001,001000101101,00110000011,00100011,01100111,00011001,000110,1011,1001,001,100,0,
100010000111100,0101011
0001000101000001100,10000001001,0010010100011,001100000011010,001000101100,1100,10,001000001100,00000,00001,1000000,001,1001,
00010101000,0000100011100000010000,00,00100011,0010000100,00100011,00100011,1000100,11,00001,11,100111,000,001,00,00,01100011,
001010111000100,1000000101001,1,01100111,00111000011,0010000100,0001,1000010,1000100,11100011,00000011,1001,0010000100,011,1001,
11000001100100,000110010001100,011001100,0011100,01100110,10000001,00000011,1000010,000100,0000000,001,00,0,0,0000100001011,00,1000100
0101001000001100101111,10100011,000011000,01100011,00111000011,0011000100,0,00100011,10000000011000100,00001,001000000100,000,00,1001,
110000100110001,1000100,1001,00100,001000101100,0011000110,001000101100,,,0000010,1000000100,0001,00011,0,00000100,
00100101100000,000010001,00100100,0010101011,0010000100,01010,00110000011,1,000010,0010101011,1001,100111,00,0001000100100,
1101010001100,0000100011001,001001100011001,0011000110,010100100,000010000,0000010,1000000,000110,1001,1001,0010101011,0,0,
111011100110,011001,00101100101100,00111100011,0010000100,000011001,00001,000110001,000100,01100110,0,011,0,
000000001001100011010,000,001001100100,0011000110,010100,0001,0001101011,1100110,000100,01101,1001,00,00,
010001010101100,1000000101001,011000001100,10100011,0000100110001,0010000100,10,100,1000100,000100,1001,1001,011,0,
0000000100001000100100,01101,0100100,001000001100,00110000001,
01000000010000,0011001011,10100011,00110100100,0010000100,000010100,00000011,1000100,1000000,1001,1001,0000100,00,0000010,
0110001100111100,000010011,001001100011,001011,00100011,01100111,10100011,1000110,000110,00010,1001,000110,0,011,
0001101100110,00110010,011001001001100,00110000011,0010000100,110001000,000010,00000011,001011,1001,00111000011,00,001000000100,
00000001100,01010111010,0010,0,00110000001,0010000100,00100011,00100011,1000110,11,011,001,1001,00,,
001000010001,00100011,1000100101001,00100,0101,0110101,001000011100,011,1000100
1110001110110000100001011,1000000101001,0011000100,10,00111100011,0010000100,000011000,1000000,1000100,00110000011,010100100,1001,100000,10,
011000011001000101011000010011000010101011,0010010110000101110,000011000,0011000011000100,1100110,000110,1001,0001,00110000011,0,0,
0001010110011101010,0101011100110,01100111,00111100011,100111,0011000100,0011000100,000110,0000000,00111100011,000100,000010,10,0,
111000110011000110,001010000100001100,001000100100,100110,0011000110,0011000100,000011001,0000010,000100,00000,01,1001,00,0,0,000111000,0010000100,,,01010,001,010,00,000110,01100,00000,0,0000100001011,
010000111000,1000100101001110001000,00110000011,0101011,0010000100,0010000100,000101,1011,0010,00000,0011000110,001,00,0,
0110100100,000,100,001000000100,00110000001,1000100,000011000,
010010000001100000,0100101000,0010011100011,11100011,000011000,000111010,00000011,000100,00010,0000100,0010101011,00,
1100111000011000,001000100100,0010110100,00111000011,00110000011,0010000100,000011000,00100011,1000100,000011000,1001,001,10000011,00,
011000011000110,01101,1000100,00100101100010,00110000011,000011000,000010000,100111,000111000100,0101,1001,001,00,0,
00100001000000000,0000100001011,0010111010,01100111,0101,001000001100100,000111100,1000100,00000,011,0001,10,00,
0001000000000,0000100001011,001,0000100001011,00111000011,0011000100,000111100,011001,00001011,1001000,011,01110,0,
000101010001100111,1000100101001,0000100110001,00110000011,0001110100,000100,000011001,,0001,000100,0001100,
000000110000111100011,1000000101001,,001000000100,0000100110000001,0010000100,000011000,1100110,1000100,11,00011,00,100000,00,1000000101001,
0100101100011,001,1,0010001011,,,011,,
10110001001,1000100101001,1100100001001100011100000011000000,0000100,10000001,00000011,001000000100,000010,000110,1000000,011,00,0,
001000010000111100110,00000000,1001,001000000100,0011000100,0010000100,000011000,11100011,1000100,00000011,001000001100,1001,000100,00,0,
01100110011001111011010100100,00100000010000,1000000,0010000100,0010001101101,00100011,,11,00011,001001,01000,00,
110,10,00011000010011100011,00000011,00110000011,0011000100,1100110,00100011,01010010,0101100,001,10010101100,00,
00100000100001011,0010,01100011,00111,00111000011,0011000110,100,001100,1,0010,00000,1000100,1001,000,0,
01000100100100110,000000000000000011001,001000001100,00110000001,0010000100,000011000,1000110,000110,01001,01010,100101011,001,00,0,
010001011001100110,01101,00110000011,000010000,000010000,000011000,00000011,1000010,11,01011000000010,1001,000,00,
00101101110,00001000110000100110001,0011000100,0010000100,000011000,01111000010000100,1000100,11,01010,1001,,01,1000100,,
110011011111000010,000111000,0010001011,00110000001,0010000100,0001101100011,00011,1000000,000100,00001,0001,001,00,100111,
01100001100,000011001,0011000110,001001100000,0011000110,100000,01100111,,00110000001,000010,00100,1001,,,00000000,0,
0110011001010101100,01010,01000000111000,10100011,0011000110,0010000100,01100111,000011000100,00000011,1010,1001,001,
0000001000000100100,0000100011011011001,01,0010000100,000011000,1000110000,000010,0000100001,001100,1001,1000000101001,00,0,000111000,000,,010,1000100101001,1000110,0,000011000,,0000010,01100111,0000100,010,0000100001011,0010,011,1001,100110,000011001,00001,10,,1,0,0010101011,
111000111011000110,1000100101100111,001000000100,00110000011,00010,000010000,00110000011000,1000110,000100,00010,1001,000010,00,
01100001100100,0000100100,01101,001000101,0010000100,00011001,00000000,1000100,000110,0000000,011011,00,1001,
100010000101100,000010001101100110000001000000100,01010,0010000100,010100100,00000011,00011,000100,01010,1001,1001,00,
0101100110,10000001,0001100,1000100101001,0011,0011000110,000011000,000011001,,0000010,001000001100,0001,,,1000110,,00,000011001,,,,,,0,,000100,
00000100100110,0000100110001,0011000100,001000000100,1000100,11100011,00100011,00000011,1000100,000010,00000,000100,010,0,0,
0110011101101011110,0000100110001,01011,0011000100,0010000100,000111100,101000111000100,000100,00001,1001,001,0,0,
011000011100000,001000101100,0010001001100011000,000111010,00100011,01010,000001,1001,11,00,0,
10110011100011100,1000000100,001000001100,001000001100,00110000011,0010000100,00100011,000111100000,0101,01101,00000000,11001,00,0,00,0,0,
011000001001,0000100011011,001000000100,001000000100,0011000110,000010000,0010000100,1100110,000100,00000000,1001,11001,00,0,
1110001101100011100,0000100001011,011000000010,1001110101011,0010000100,,000010000,10100011,101100,000110,0101100,100,,010100,0,
00000100000110,1000000101001,01100110000011,00110000011,00110000011,0010000100,000010000,1000100,1000100,1100,0000,000011000,100,0,1,
01000011100000,0000100001011,11001,0011001100,
011001101111,1000000,1000100,000101010,0010000100,00100011,11100011,1000100,000100,01010,1011,10100,00,0,
0100010100000,00001001000100101001,00100100,00111100011011,,000011000,1000000100,0001,000010,01000,000110,001000100100,00,0,
00100001000011000100,,010100100,01100001100100,1100,100111,1001,,00100011,1000000101001,1100,00,1001,100,00,1000010,
01000101100110,00000011,0101100,100,0010000100,000011000,100110,01100011,000100,000110,0000100001011,1001,001,00,0,
11101110,00,001001,00111100011,00111100011,0010000100,000011001,,,,,000100,001100,1001,0010,00,
1110111100000,0010000111100011001000000100,001001000100,0110101011,000011000,11,1100110,000011001,00001,00100,100,00,
111100000001000000100000,01100000011,00110000001,00110000011,0010000100,01100111,00000011,1000100,000110,00000000,100000,010,00,
000000100000010010,1011001000100,00100,1000110,00100011,0010000100,0011000100,0000010,000110,00000,1001,1001,000,00,
0000000010000100,1000100101101,001001000110,0011000110,0010000100,0010101011,00100011,1000100,000110,1000010,1001,011,0,0,
0110001100011000,0000100001011,0110000100,00110000011,001110000111000100,000010000,01100111,00,00011,0101,1001,001,00,0,
0110001011001000000,1000000100
01000000110010100100110100111100000010110001100100111001010,0100100001,000011000,10100011,10100,00100,001000001100,00000,00000,00,0,
0001010101000001100,1000100101001,00011001,0010011001101010,0010000100,000011000,1,1000100,0101100,0000100110001,1001,001,00,0,
11010001011,1000000101001,01111100011,0010101011,00110000011,01100,0011000100,001001100,000100,000010000,1001,000,00,
010000010100,0000100110,00100110101011,0011000100,000011000,010,0001100,0000,01000,01100,1011,00101,0,00,0,0,
0001100100,,01100111,011,11001,0000,0010000100,001100,11001,1000100,01,,011,100000,000,0,
0101001000110000011,00100011,011000101,00110000011,0101011,0011000100,00110000001,0010000100,000110,000110,1001,0001,,1001,001,0,0,0,
100001001001100001110001000101,00110000011100,000111000,0010000100,000100100,10100011,001000100100,100110,1000000,1001,00,00,0,
01011011000101,1000000101001,0000100110001,001000000100,00111000011,000011000,000010000,1100,1000100,00111,01010,001,,,00,0001,
0101000100,00001000110110001100011100,00110000011,0011000110,00101,00101,1000000100,0001100,010,1001,0000,000011001,0,0011000110,000110,1011,0011000100,01101,0,0,010100100,1000110,001,001000001100,00000000,
00010011011,1001110101100,00100,10100011,0011000110,000111000,01100111,0000100001011,001000000100,00000,00000011,0001,0001,001011,
0110001011,0010111100001000010000011001000010000,00110101011,011,00011000010000,00000011,1000100,000100,00011,0100100,001,00,0,
0000000001100110,001011101100,0111000100,0101011,01000,0011000110,01100111,00100011,01100,0,01010,0001,00,00,
0000000011001100,0100,01111100011,00110000011,
0000010001011,01101,11100011000,00110000001,00110000011,001000101100,000011001,00100011,1100110,00000,1001,100,001,00,
0101000101100,,1000000100,001000001100,,00111000011,00111000011,0010000100,10,00100011,1000100,00000,,1001,011,001100,0001000101100,0011000110,,001,
1100000100,00000000,000011100011,001000001100,0011000110,0010000100,000011000100111,10100011,000010,1000000101001,
0101101100111,0000010,001000001100,001000100100,0011,001000000100,0000100001011,01100011,1000010,1000000100,1000000,1001,0,00,0,
000110010001000011110,0000100110001,0001100100110000011,00111000011,000011000,000010000,00100011,1000100,0001,1001,001,000,0,1,
11100011010110001000,0101100,1000100,00110000011,0010000100,0010000100,000011000,01100011,000101,000010,000100,1001,001,00,0,00,0,1100110,
01000011101000,10100011,011000000010011
01000011100010,001100,,,001,000111000,0010000100,000011001,11100011,0,000100,011,1001001,0,00,0,
100010000111000101000010,100,00100000010,10000001,
01100001100100,000010000,1011,00110000001,0011000110,000011000,01100111,,,,00100,0000,1001,0000010,00,,,
10100010000010,00000000,01111100,
000100011100,1000100010100100,001000100100,001000000100,00110000011,0010000100,000011001,00100011,1000100,000100,0000,00111100011,001,00,
0010001000001100100,0000100011011,00110000011,0000100,000011000,000011000,00000011,1000000,000010,01010,010,001,11,0,
01000101101100,0000100001011,10000011,00110000011,000111000,00010,00100011,01100011,00000011,11,01010,1001,001,00,0,000010000,0010,0,
0101011001100,1000000101001,01100,0011001000000100,0010000100,000011000,10100011,1000100001,000110,001100,1001,001,100110,0,
01000101000010,1000100101001,000001010,0011,
01100010110001011,1000000101001,011,1000110,0101011,0010000100,01100011,001000000100,000010,00000011,10100,1001,00000,00101,
000100011001100110,0000100110001,,0011100100111,0010000100,0010000100,,000011000,00100011,1000100,000100,00011,001,10,00,0,
01100101100,011001000000101001,011,0010,011,011,000011000,00000011,0101011,000110,00000000,100110,01100011,001011,0,010,10,0,
01000011100000,0000100001011,00,
010100011000110111000000101001,11100,0001101011,0011000100,01011,00011,000100,000110,011,1001,001,00,001,
0101001,000111000,0000011001000110
1110001101101100110,001000001100001,1010,00110000011,10100,001000010001011,1000110,00000000,0001100,100110,1000100101001,001000001100,00,0,000111000,0,
100110101100100011,1000000101001,01100,001000001100,01111100011,0011,00000011,1000100,000111000,01010,1001,10100,00,1001,
0000010010011010100100,00000111000100,101100110000001,00100011,00001100000101,0000010,000110,00000,10000001,1001,00,0,0,
11100011000100,001011000100,010100,00110101011,0010000100,0001100,00111100011,00000011,01000,100111001,011,00001,00,
00000100100,1100110,1001,00110000011,0011000100,0010000100,00101,01100011,000010,000100,1000000101001,1001,10,0000100,1,
01110111100110,0010000011001000000,00111000011,,0010000100,0010000100,00100011,1000100,000100,1000000,0001,001011,00,001,00,0,0,
10001001100110100,1000000101001,11,001000000100,00011110010,00010,11100011,1000100,000010,00001,1001,011,00,00000000,
000100101110,0000100011001,000010,10100,00110000011,000111000,0000100000101100,0101011,1100100000,00110001100001100,11001,1001,1001,100,00,
0100011001101101100001001000100101001,00111,000110,100111,0011000100,01100011,00100011,1000010,00000,00010,1001,000,00,0,
0000010000111,1000000101001,011000101100100,00111000011,0010000100,0011000110,1000010,00110000011,000010,000,1001,011,0,1001,
0100001110001011,01100111,00100110010,01011,0010000100,100,
001100101111,1000000101001,011000101100,00110000011,00100011,000011000,0,001100,1000100,000100,0001100,001,001,00,
1101010010,0000010,01011,000111000,00110000011,0010000100,000111000,001000000100,1100110,001000001100,0010101011,1001,011,00,0,
011001101110,00001001,001001001111100110,00,0011000100,0011000100,100111010,0000100,1001,1001,000,100111,
01100010100000,1000000101001,00,100,0011000100,0010000100,01101,01100011,1000010,000110,01010,0011000100,00,00110000011,0,
11100011010100011001,0000100001011,0110000110101011,1000000100,0010000100,000011001,00000011,00110000011,00000011,001011,01000,000010000,1001,1001,010,0,0,,11
111,000000000001100101001,00111000011100,001000000100,000,000111000,00011,00011,000010
11111100011,01101,001000101100,100110,0011000100,000101,001100,01001,1000010,1000000,10100011,1001,001,00,
001010101101010011
1000100101111011011001100,001000000100,0011000000100100,0010000100,000010000,01100,1000100,000100,000110,1001000,001,011,000111000,
01100100011001100011,10000011,011100111,000100,
0110010000010100,1000100101001,001000101100,001000100100,00110000001,0010000100,00000011,0001101,00111000001,1000000,1001,00000,00,1000010,
100010100000,0000100001011,10100,0011000110,1001,00111100011,
01000100100100,100010000,00100010100,00110000011,0010000100,000011000,1000110,1000110,000010,10100,1001,0011000100,00,
00000100011100000,0000100001011,
0001000001,100000,1000100,0010001011,011,,0011100100,,00000011,1000100,00000,001,00,1011,1001,,
01000011100000,0000100001011,00100101000111,0011000100,0010000100,100,000100,1000100,11,01100110,1001,1001,00,0,
11001100100110,0010001101100011,0001100
1110001101010011100011,00110101011,01100111,00,0011000110,00110000011,000010000,00100011,0001100,000110,1001,1001,000,0,
00010101100110,1000000101101,001000101100,1000000100,0011000100,0011000100,000011001,000011001,000010,0101011,10100011,1001,00000,00,0,
1001101111100011,001000101100,011000101100,00110000011,00110000011,0010000100,00100011,001000101100,1000100,000100,00011,100,10,0,00110000011,
10000001000100010,100000010001010,1100110,0000100111,0010000100,00000,00100011,1000100,0000000,101100,1001,0001,00,1000000,
0110001100110,000000000010,00111000011,001000000100,0100100,0010000100,01100,01100011,000010,000010000,010100,1001,001,00,0,
0100001000001100000,1001110101,001001,0011000100,00000,000011100,10100011,000010,01011,00010,1001,001,00,
100010011100011,10000001010,0000100110001,1001,100,0010000100,00100011,1000010,1000000,11,01000,,,0001,1001,,0,
01010011101000,10000001,000110011000100101001100,0011000100,01011,0001,10000011,001000001100,000010,1000000,1001,00000000,00,0,
110011011000100,0000100110001,01100010100,001100001,0010000100,000011000,00000011,0,11,0000101010,011,1100,0001,
0001110011101011,000100,100,00110000011,0010000100,000011001,001000111100100,11,011,0011000110,1001,00100011,00,0,
01000011100000111000,10,001001,001100000011100000,0010000100,01100011,0000010,1000100101001,00000,0010000100,1001,0001,101100,
0000000110001001,001011101100,0001100,001011,0000100010000100,00100011,001000000100,1000100,0101100,00001000,1001,0,00,0,
1000100101100100,0000000001011,001000100100,000010100,0010000100,00110000001100,0000010,001000001100,000100,010100,0001,001,00,
000111000101110,000100,0010110101100,01011,00110000011,0010000100,01,00100011,,000100,,01010,0011,000,00,
000010011000100011010100,1000000101001,011010100100,0011,00111000011,010100100,1100,011,1000100,000100,00100,000,000,00,
00010101100110,1000000101101,001000001100,00110000011,0011000100,0000100001011,000010000,010,0000010,000010,0001,000101,001,0,
10100001110010000001,01101,1000000,011,1000110,0010000100,0011100,00100011,1000100,100110,1000000,1001,10,1001,000000,
010000000100,0000000101,000101,00110000001,0011000110,0011,000010000,01101,001000101100,000100,00010,1001,10,
00100101110,0010101011,001000001100,00110000001,010100100,0010000100,01100,00000011,0000010,00001010,
0110011001000,000111000,00101101010,00110000011,00111000011,0010000100,1000000100,00100011,1100110,000100,000011001,001,01100110000001,0,
00001100111000011100001011000011000110,000010000,00111,0011000110,0010000100,01011,01,01010,00,1001,001,001,00,
11001101111110,001011101100,000110101011,0010000100,000010000,1100110,1000100000011000100,00111100011,1001,011,10,001,01000,0,0,
11000110010100100,1000000101001,01100110000011,00110000011,,0010000100,000011001,1000100,00110000011,000100,,,1001,01100,00,0,1000100,0,0,0100,
0100001110000110000011,001,001000001100,0010101011,1001,0010000100,00111100011,00000011,000100,000100,0001,00,000,00,000,
01010100,,0001111,0010000110000011,0011000100,0010000100,000011000,11100011,1000100,000100,0000100,000100,01,0,0,00,0,
01000100100100,0000100001011,00100,0000100110001,0101,0010000100,000111010,,1000100,00000000,0000,1001,000,00,0,010,0,,100,00110000011,0001100,01011,,10,,,,00110000011,
01001011001,00011001000110,0,001100000111010,0010000100,000111000100,00100011,1000100,00000,0101011,001,001,00110000001,0,
010101110000001100110,01101,1000000101001,001000000100,0001100111000011,000111000,000011000,100111000100,101101001,000111000,1001,000,0,
0110100,000,01001,10100,10111100,,,,000010000,,
01000011100100110,0000100001011,0010000111,001001100,0010000100,,,1,1011,,,00100,000,011,00,
00101101100110,1000000101101,001000001100,001000100100,0001100,0011000100,00100011,00100011,10000011,000010,00100011,1001,0000010,00,0,
010101001100110001100011,1000000,011001,00110000011,,000011000,000010000,,1000100,000100,01010,01100110,,,,0,100111100000,000,,0000010,010100100,
01100100110001,0001,0011000100,001000100100,00111000011,0010000100,000010000,10100011,0,100000110,1001,0011000100,000,00,
00010000100100,0000100011011,001000001100,00110000011,0010000100,000010000,00000011,1000100,0000010,00001,000100,1001,00,0,00,0,001,
0110001100110,001,010,01,0000100,0011000110,00100011,
110000100001011,010101101101101,010,0001,00111000011,00110000001,000010000,0000010,000110,00111100011,0010000100,1001,010,
0010101011,001000100100,01,1000000101001,001000001100,01100111,0010000100,000011000,001000000100,1000100,10,101100,1001000,000,00,
00000100100,001000101100,00010,00100010100100,00110000011,00100001001001110000001,1100110,00000101100000,0,011,00,0,1001,0,0000,1000000,100000,00111100011,000,001100,1000000,010100100,1000010,0,10110011,01100111,,1000100,001,01101,00001,00111001001,
010000111100,1001,0111001110101011100,0101,0010000100,01100011,100000010,11,100,1001,000,1001,00,
00000000100001011,11,0000000011001,010101111001,00000011,0010000100,000010000,00100011,1000100,000100,00101,1001,01101,001,
00100001001011110111111000110100100,00110000011,0011000110,0010000100,000011000,,,,000110,,00011,1001,,00,0,
1100110001001100001000101100,0001100000101,000011100100,000100,00010,01100011,1000100,1011,01010,1001,01000,00,0,010,00,000110,
00000110001101011,00111001,010,00000,00110000011,100111,0010000100,00100011,1000100,00000,00010,001,10,00000,0,0000100001011,1000000100,,
0101010101110100011,101101,1001111001100,00111000011,001000101100,0011100,00000011,000111100,1000000,000100,001000001100,0001,1001,1000100,0,
11100011010100001100,00001000111000100,00100001100011110001111100011,000010000,10100011,1000110,01010,00010,1001,000,0,0,
01100,001011,0011,0011000110,000011000,0010000100,100111,001,00100011,1100110,01100,1,1001,011,0,0,0011000100,1010,0,001,01011,000110,
0110001000010,000110,1001,
0100000010011000101000,001000100100,011001010,0001,011,000011000,00000011,1,000010,01000,00,
11000100100110,0000101000100,001000000100000,0011000100,0010000100,01000,100000,0000100,001000100100,0101,1001,001,00,1001,
0110001100110,010000101100,01100111,10111010,01100,000111100110,00000011,1100110,01100,000011000,1001,00,1000010,
01100,00,0000100001011,001001000100,00110000011,001011,011,0,1000100,00001000100,01,0001,10011100,00,0,
0000001100001000001100,1111000010000100,0011000110,0010000100,0010000100,001,0011000100,1000100,001000101100,011,1001,00,00,0,00,0,001,
01001000000,00000000001100,1,,1000000100,
0110000100010010000001,00,011,00110000011,10,
01000101100,0000100001011,0010000000101100,00111100011,0010000100,000011000,1100110,00000000,1100,01000,1001,001,001000000100,
11100011101110,10100011,011000001100,00110000001,00110000011,0010000100,01100111,1000100,1000100000,0000001,0010,00,0011000110,0,
0100010100000,001000100100,00010,01100011100,00110000011,0010000100,1,0000010,1000100,000100,00010,000,000,10,
0000001100100100,01100101001,001000100100,00000011,0011000110,000111000,0000010,0000010,00001011,00000,000,000010,00,0,
10000011010011110,00111000011,001000001100010100000,0010000100,000011000,11,1000010,11,00000,1001,0011000100,00,0,
010010001100011000110,0000000001100110,000111000001000000100,0011000100,0010000100,000011000,00000011,1000100,0010101011,01010,1001,1000010,00,0,010100,01000,001,
01000011100000,0000100001011,0010010100,00111100011,00111100011,0011000100,00111000011,011001,000010,000110,1001,1001,000,00,0000100001011100,0,
0001100101001,10000001000101,001000001100,10101010,10000011,000011000,000011001,10000011,,000010,000111000,100000,00100,00,
01100101100100,0000100011001,001000101001000000101001,00101,001100,00111100011,1000000,000010,001100,00011,0001,000011001,00,000011000,
011000011000000100001011,1000000101001,100,0010010100,00110000011,0010000100,00000011,00000011,,0000,01000,000111000,0100100,1001,1001,
0110010100100,1000000101001,01100010100001011101100,011,0010000100,0001100011,100010001001,1100,01010,1001,10,00,
00000101000010,001000001100,0,01100111001011,1,0010000100,000011001,00100011,1000100,000110,1001,001,10,0,
010001100110,00011001000101010,100110100110,00111100011,0011000100,000010000,10100011,1100110,000110,00010,001,11,0,0,
110011101111,000011,00110000011,00111000011,00001100,00101,00100011,000010,000110,1001,1001,1000000101001,00,
01001,100,1010,,,,11001,,,,,,,,,,,,,,,,,,,,,,,,,,,,,,,,,,,,,,,,001,001,,0001,0,
011001100011101000,0000100110110011100001000011,10100011,000111000,000011000,1000110,000010,000110,00010,001,000,00,000011001,
100010000011000101100,1010,0011000100,00110000011,0011,0010000100,00100011,01111100011,1000110,001100,00011,
01100010100000,1000000,00101101100111,0100,0001100,0010000100,000011001,00100011,1000100,00000,00000000,000,00,
010000110000000,01010,011,001000000100,,001000000100,0011000110,001000100100,001000000100,000110,100110,1001,1001,000,
0101101110,00001001101100100100,000110,0011000100,000011000,01100011,10100,010,1000110,1001,00000,00,
110011100,,000010100,,00110000011,,00110000011,,,00111,,,001100,
011000000100,00000000,0001100,00100,00111100011,0011000110,01100111,000010000,010100100,,010100100,01000,1001,,,0,,,
01001100,1000100101001,00100011001100,00111000011,001000101100,0111100,0,1000000,00000,00011,1001,011,00,
1000100101110,00001000010101011,001000101000011100000,0010000100,001000000100,01001,10100,00100,01000,1001,1001,00,11,11001,0,
100010001010,1000010,00000101100,00110000011,001,0010000100,0011000100,1000010,000100,000010,01010,0011000100,001,00,000011001,0,0,
00010000100100,00001001001110011000100,001100011010011100001,000011000,00100011,01011,000010,000110,10100,10010011100,001,0,0,
111000110010000100100110,0001101001,001000100100,00100,1,0011000100,00100011,01011,,00001,0001001100110,,001,00,0,
0010001011000101011111100000000,1,00110000011,00111000011,0010000100,000011000,00000011,01001,1011,1000000101001,1001100,011,0,,
111000111001011100010000,01100000011001,01100111,,0010000100,00100011,11100011,010,00000011,00,001000001100,000,00,0,
010100111000010101011,00000000,0011,00110000011,00110000011,0010100010010010,000011001,000100,1000000,0011000110,001,011100111,0,
01100010001,0000100011011,01011,1001,0,000011000,00000011,000110,00000011,0001,1001,00000,1001,001,001000000100,01100,0,1,0001,000010,
1100110100100,00001000110101001000101011,1010,00111000011,000111000,000010000,0000010,0000100110001,00000,001100,1001,00,00,0,00000,000,001,1,000110,00,001000101100,0,00100,000110,000010,0011,
111000111110001101111,0000000011001,1001,0010000100,0010000100,000100,1000010,00100011,100110,00001,1001,000,010,0,
0010000100000100000,1000000101001,001000001100,0011000001101100111000011,100,000011100,00100011,1000110,0011,1001,001,000,00,1,
01100001100100,00001000110111000100,00001011,0010000100,000111100011,001000001100,1101011,,1001,000,00,001,010,000011001,
0000001110010101011,000010000,0010000100000110000111011011,0010000100,0011,100111,0001100,000100,00011,1001,100,00,0101,
00000100001100,000100,,00100000011000,,01001,00100011,0011000100,00100011,,000,00100,
0001010011000010,01101,0011,001000000100,00110000011,000111000,000011100,10100011,1000100101001,000110,00111100011,1001,00,0,1,
010000101100,000010010100100,010100,00110000011,1000100,000011001,0010000100,0011000100,0010000100,001000000100,01011,,001,1001,0,1000010,0,
01010101100,0000100110001,1000100000101,00110000011,0011000110,0011000100,000011001,00000011,1000100,000100,1001,001,01101,0,1,
00010100010000,1000000101001,011000010000111100011,0010000100,000111000,000010000,1000010,1000100,1000110,00001,1001,000000,0,
010101100011100,1000000100,0000010,001000000100,00110000001,0010000100,000011000,00000011,1000010,0001001001,00001,1011,000,00100,0,
0011000001101001000100101001,1000000101001,0000100110001,00110000011,00111000011,0010000100,1001111010,00100011,1000100,000100,01010,011,1000100101001,00,0,
111000110101000100,10100011,001000101100,00101,00100010110001011,0010000100,000010000,00100011,01001,00000,00010,000,11,0,010100100,
0000000110000000,000001001000001100,00100001,00110000011,000010000101110,11100011,1000100,000010,0000000,1001,01110,001000000100,
0000001000001100001000101100,00101,011000111001100,1,0010000100,0011000100,00100011,1000100,11,010,0001,001,0,0,
00011100001100011000,0000100011001000001100,00110000011,00111000011,000010000,000011000,100110,1001,100110,00000,1001100,010,00,0,
110000111000,1000000101001,011011001100,00110000001,0010000100,000011000,00100011,1000100,000010,0000000,00100,11,0,0000,
10000011,001,1001,,,100,,
110011000110000,0000100001011,011000010001001000010101011,00110000011,001000101100,101100,00000011,1000010,01010,01000,0011000100,011,00,0,
1100001000100100001001100100101010111100110,00010110100011,001000101100100,0010000100,00110000011,0000010,00,1000000100,001000001100,0,0,001011,01011,
010001100110,10000001001011000,
000000000101100,1000000101001,0111000000100,00101,01001,0010000100,000011001,00000011,,1000110,00001,1001011,011,00,
111000111000001110000011000100,000110000100000110,10111000100,01100110,000011000,0010,1000100,00100,01100110,000100,001,00,001101,,0,0,
00111100110,0001,0000000,001000000100001000100100,00111000011,0011000100,
00001000000101001100,100010010111000000101100,00110000001,0010000100,000010000,01100111,00100011,01100,0001,1001,001,00,0,
100010010111100110,0101110100011,000010,00110000011,000111000,000011001,00100011,1000100,000100,10000001,1001,011001,000100,0000100001011,10000010,0011000100,0011000100,0000010,100110,001000000100,1000100101001,11100011,0000100001011,00011001,0,0011,1000010,0001001110000111100,1001,1000000,1,1001,01101,00110000001,000011001,
000101100,1000000101101,001001000100,000101,00110000011,0010000100,1000010,1010,00001,000100,00011,00,10,00,0,
00001000010001000101100,000010000000000,001000000100,000100,0011000110,00100011,000010000,1000110,00001011,1001,1001,001,1001,00000,
01100001100100,10000011,01001,0111000100,,0010000100,001,11100011,1000100,000100,00,1001,1001,00001,
00000000010100100000,1000000101001,10000011,000,00111100011,100000,000011100,001000001100,00001100,01010,1001,011,00,0,
01100000,001100,00001011101100,0000100,011,000011000,000011000,00000011,010,00000,000111100,00010,0010000011,
01100111101110,011001,011,00110000011,00111000011,000011000,00100011,1000010,1000010,000110,0001,1001,01010,00,0,
0000000111000100,1001111100101011,101010111,000101
10010100010,00001000110000100100111100,00111000011,0010000100,000011100,011001,101000000010,0011000110,0000,10000011,1000010,0,00,0,0,
000101000110,,1000100101001,01111011001000101100,,0010000100,000100,0011000100,1000100,100,00001,1001,,,00,0,
1110000001000,0011001000100,00111100011,00110000011,0,1000000,0000010,100111010,000100,0000100001011,000100,0,0,0,
01011001100101001,0001100,100,001000000100,0010000100,0010000100,000011000,00101,1000100,00110000011,00100,1001,001,00,0,
0100100000100,0000100001011,11,001001,1001,011001,000,00100011,1000100,00000,00010,10100,100,00,0,
110000100110001000,1000000101001,0110000100010,0010000100,0010000100100,0010000100,0010000100,00101,000100,1001,1001,000,00,
10001001011110010110000100001110000010,1000000,0011000110,001011,00010,00000011,000110,000110,00000000,00011,00,0001,0,000110,10000001100,,
010100101111,00111000011010,0,,000011000,0010000100,000010000,,,1000100,,1000000101001,,1001,,001,100,,,,00,,,,10,,0011000100,
11001100010100,010100100,0110001100,00110000011,0011000110,00100001001000100101001,1000110,000110,11,01100110,1001,,,00,0,
00000100100110,000000001010001000000100,0010000110000011,010,000010000,
0000001000011100,001000000100,0010111100110,00110000011,001100,000011000,00101,00111000011,1,000100,00,1001,000,00,
110010011100000,0000100001011,,000,00110000011,000101,0010000100,000010000,,1000100,000100,,,001,
01010111000110000101,10000001,001100010011000010000100,0011000100,0011100100,000011000,100000,1100110000,0000001,0001,00,00,0011000110,
110011100000,0000100001011,001000001100000,00110000011,00000011,0010000100,01100011,,,00001,000100,,0001,00000000100,,000,
01001,000,0,011000001100,00111000100,0010000100,001,11100011,1000010,000010,00001,1001,001,00,
01100001100100,0001100101001,00100100,00110000001,000011000,000111000,01100111,1000110,01101,010100,01000,00,00,0,010,0,
00111101111,001011001000101100,00100000010001,0101011,0001,01100111,00000011,00001011,00011,001,000010,00,0,00,0,1100,
00000100100110,10100011,001000110011001011,00111000011,0010000100,000011000,0010101011,1000100,100110,1000000,1000000,001,00,0,
01100001100000,1000000101001,10000011,000010,00100011,0110010000100,000011001100,1000100,000100,00001,0000100,001,0,0,
01001000000000100,0000100110001,001000011100100,0011000100,0010000100,10011100110,00000011,1000110,000100,000010101100,011,00,000,0,000011001,
00111000011010100100100110,100000,001000001100,001,0011000100,0010000100,000011000,1000110,0011,00000011,1001,1001,001,00,0,
01000011100100110,00101,1001,00100100,00110000011,,000011000,00000011,001,,00000011,1001,,00,00,0,
1111011,10001001011011,000010,00111000011,0011000100,000010000,10000011,1000100,01101,00001,100110,00100011,01001,0,00,0,0,
111000110011000110,00000000,00011000010000101100,00111000011,0010000100,000010000,00000011,1000100,01001,1001,000100,001,00,1001,
0001010100100100,0100,011,00110000011,0000100001011,11100011,000011000,01100111,1000110,000010,0000,0001,001,00,011001111001,
01001000000100,11001,001000001100,001000000100,0011000110,0010000100,00011,1000010,1000100,00000,,00001,1001,000,00,0,
11010001100,100000,0100100,001000000100,0010000100,0010000100,000011000,01100011,000110,00000,01000,1001,,000,011,
10001000011100000,1000100101001,00111,0010000000,00110000011,0010000100,0011100,00100011,1000100,00000011,00011,1001,000,00,0,
00011001100,1000000101001,0111100100,0011100000,0011100,000011000,00000011,0000,000110,000111000,1001,01101,00,
01010010100001010,0001100,001000100100,
011001000001100001100,00011001100,001000100100,10,0000100,0010000100,01100111,0000010,1000000,000110,00001,0001,0101000100,0,
01000101100000,1000010,1000000100000,000110,0011,100,000010000,0000010,01101,000110,00001,1001,000,00,0,
0101101100110,,01100110,01,011,00110000001,0010000100,,100,,01100110,010100100,,,00011,001,0001,
01100001100100,0000100001011,01011,001000001100,00110000011,01100,,00111100011,00100011,1000100,000100,1001,1001,000,1010,0,
001100100,,0,011011001,01,,0010000100,00100011,,010100100,00000000,000100,00011,000,000,00,
110100100100,10,0101011,00110000011,00110000001,000011001,000011100,0000010,010100100,000100,1001,1001,000,00,0,
00001101100110000011,001000001100,00000,0011,010100,0101001,00000011,1000100,000010,01000,1001,10100,00,0,
011001100001111001011011,001000000100001011,00110000011,0011000100,000010000,0010000100,00001,000100,00011
01100010100000010101110,100110,0001,0000100001011,0010000100,0011000110,00100011,01101,000010,010100,1001,1000000101001,00,0,
0100000001010,1000000100000100,001000100100,00110000011,0011000110,0011100,000011001,0,01010,00000,0001,001,001,0,
11100011101110,1000000101001,011101100,0001111000001,0011000100,0101011,01100101,11,01000100,1001,0011000100,00,0,
010000111100,1000000101001,0111000111010,00011001,0010000100,0001100,00000011,1000100,000100,01010,1001,000,00101,
