10000001100100,1000100101101,001000001100,00111000011,0011000100,000011001,00100011,1000000,100110,00010,0001,001,00,0,
00010001100100,1000000100001,001000111101,00110000011,0011000110,000010000,00100011,0000010,100010,00111,1001,001,00,0,
01010001100100,1000100101001,001000111100,00110000011,0011000100,000010000,01100011,1000010,100010,00000,1001,001,00,0,
01000001101010,0000100101011,001001001100,00110000011,0011000110,000011000,00000011,0000010,000110,01010,1001,001,00,0,
01000101100100,1000100111001,001000111100,00110000001,0010000100,000010000,11100011,1000110,000110,00000,1001,000,00,0,
11010001100000,1000000100001,011000011101,00110000011,0011000100,000010000,00100011,1000010,100010,00011,1001,001,00,0,
10000001100100,0000000111101,001000001100,00110000011,0010000100,000011000,01100011,1000110,100110,00001,1001,100,00,0,
00000001100110,0000100111111,001000011100,00110000001,0010000100,000010000,10000011,1000110,000110,00110,1001,100,00,0,
10000001100101,1000000011101,001000011100,10111000011,0011000100,000010000,01100011,0000000,100110,00001,1001,000,00,0,
11000001100000,1000000100001,001001001101,00110000011,0011000100,000011000,01100011,1000010,100110,00001,1001,001,00,0,
01010001100100,1000100100001,001000111101,00110000011,0011000100,000010000,01100011,1000010,100010,00000,1001,001,00,0,
00000101100100,1000000111001,001000111100,00110000011,0011000110,000010000,01100011,0000010,000110,00101,1001,000,00,0,
10010000100100,1001100101101,001000000100,00110000011,0011100100,000011001,00100011,1000010,100010,00010,0001,001,00,0,
01001001100000,0000100101001,001001000100,00110000001,0011000100,000111000,11100011,1000010,100110,01000,1001,001,00,0,
01000101100000,0000100111001,001001100100,00111000011,0011000100,000111000,01100011,1000000,000110,01000,1001,000,00,0,
00100011100100,0000100111011,001000001100,00110100011,0010000100,000011000,00000011,1000100,000100,01110,1001,100,00,0,
11000001100001,1001000001001,001001000100,10110000011,0011000110,000011000,00000011,0000000,100111,00001,1001,001,00,1,
00000001100100,0000101110001,001000100100,00110000011,0010000100,000111000,01000011,1000110,100110,11100,1001,000,00,0,
00000011100100,0100110101011,001000000100,00110000001,0011000100,000011100,00000001,1100010,000100,01110,1001,101,00,0,
00000100100100,0000100111001,001000111100,00110000001,0111000110,000010000,11100111,0000010,000010,01100,1001,000,00,0,
01000101100100,110000,001000111101,00110000011,0011000100,0000100111001,00100011,01100011100110,01000,100010,01000,001,00,00,0,
01010001100100,1000100101001,001000001100,100001,0010000100,01010001100100,000010000,01100011,100010,000110,1001,,100,1001,00,0,
00001000100100100,011000010000100111001,011,001100000011000110,010,0000010,1000110,000,00001,1001,100110010000,0,0,0101100100,
010001100001,0000100111100100011,001000011100,001000,0011000100,01100011,100111,01001,10000011,010,001,0001,00,
01000110,01100000,100010,001000111100,10011001,1000110,10000011,1000010,00100010011,001,001,00,1,0,
1001000101100100,01001,001001001101,00110000001,0010000100,1001,101,00000,000110,00001,1001,1001,000,0,
10010000100100,1001100101000100,100010,000011001,000010000,1101101,,000110,1001,1001,001,,00,0,
000010000011,010001010,0000100111001,00110000011,000010000,00110000011,01100011,100010,100010,01100000,001000111101,001,00,
01010001100100,001000110,001000001100,01001,0011000100,0001100100,000010000,10001001,0000010,00010,00010,01100,001,00,
0000001101100000,01001,00110000001,00110000011,0011000100,01100011,000111000,1001100011,1000010,01010001100100,0011000100,100,1001,00,0,
0100010000100,0000100111001,001000001100,100100,0010000100,0010000100,0000100,000,01100001,000011000110,1001,0010000100,000,00,0,0,01100,1001,001,0,010,
01000101100000,0000100111001,01000,00111,0001100100,000010000,01000,0010001000,00000011,01110,1001,1001,00,001,0,1000000100001,001000111100,01001,100111,0,0010001111001000000,0111001100000,100111,
01000001101100000,10001,001000001100,00110000011,00111000011,0011000100,000011001,00000001,00,00001,01000,1001,,,0,00110000011,
1100000110000101101,111000111001,01100,00110000011,0010000100,000010000,000011000,0000010,000110,00,,1001,,000,00,0,
001000111101,10001001000010000011,0000100,10000001100100,00111000011,01,000110,010000,1000100,000010,1,00,0,10000011,1000100110010000,
1100001000110,1011,011000011101,0011,
100100100,1000000100001,1000010,00110000011,0011000110,000010000,000010000,100110,1000010,01100011,
0100000110000001,100100001011,0000010,00110100011,0011000100,000111000,01100011,1000100,001000001100,01110,1001,100,00,0,
01001001101100000,0000010,0001,001000000100,001100000011000110,11100011,000000110,01100011,0000100,0100,1,00,0,
10010001101,0000,10001,00110000011,0011100100,000010000,01100011,1000010,1000110,001,00011101,1001,00,0,
110000100,1000000100001,001000111101,01101,11001,0011000110,0011000110,0000010,1000110,000110,1001,1001,0000110000001,0,0,
10000010001,100010010000100111001,00100011110100100100101100100,,000010000,01100011,1000011,100010,001,1000100,1001,00,01011,0,0,
0000001000111100,010001100000000001100011,01,0011000100,000010000,01100011,10000101000110,000110,00000,01000,1001,00,00,
11000001100000,1000000100001,00000011,00110000011,0011000100,1000110,00100011,00001,0000010,1001,1001,001,00,0,0,
10,1000100,0000100111001,11001,10000001100100,011,0010000100,,,00100011,1000010,000110,1001,1001,100,00,0,
100010000100,010010000011,001000111100,10000001100100,011,01,01100011,1000110,10000011,0101100100,1001,100111,000,1001,000010000,
100100001000011000010,001000111101,1000100,0011000100,1001,000010000,00000011,100010,00000,0011,1001,00,0,
00111,000010011111100100011,000010011110000,0011,0010000100,0000100111001,0000010,000110,0000110011000010,1001,0000010,00,0,
00100100110000011,1001000010,110001,001000000100,00111000011,0011000110,01100100,1000110,1000100,100010011001,010,100,00100,
110000000010011110100010000100,001000111100,00110000011,01101,000010000,1000010,0000010,000110,,1001,00001,00,0,
11010001001,0000100111001,00011,000010000,1001,00010,01100011,00001100100110000001,01100011,1001,0000100,,000,00,0,
00000001100110,000010011000010011000110,001000011100,00110000011,100,000010000,1000010,0100,00000,0000010,001,00101,0000110000001,0,
01000000010,1000000,001000111101,00100001,0010000100,0011000100,000010000,00100011,100110,01010001100100,01000,0011,
000000010000010,0000100111000000100001,10010000,10,00,0000100,1110001110000011,101,1100001000110,01100011,001000011100,
0000001110010011000010110000011,001000111100,000111000,0010000100,0010000100,001000111101,1000110,1000010,0000000,01110,1001,00110000011,0,00,
10000000010011100101010001100100,0000100111001,001000001100,001000000100000010000,11100011,00000,10000001100100,100010,000110,1001,1001,001,00,00010,
11010001100001,00100100110010000,00110000001,011,0011000100,,1000010,1000110,001000111100,001,00000011,00,0,0,0,
1100000101100000,0000100111001,0000100111001,00110000011,0010000100,000011000,01100011,1000110,100110,00001,001001001,1001,00,00,
0010001100000001,10000101011100011,00111000011,0011000110,001000011100,0011000110,,00000001,001,000100,1000011,1001,00110000011,00,00001,00,
01000001101010,001100100000,001110000110,10010000,1000010,0000000,000110,000110,0001,01100,1001,00,00,0,
10000001100100,1000100101001,001000001100,00110000011,0011000100,0000100000,000011100,000010000,10000100001100100,0000000,001,00,0,0,0,001000001100,01000,
01010001100100,1000100100111,00110000001,00110000011,0011000100,000010000,01100011,1000010,100010,0,1001,11001,1001,0,10010000,
10010000100100100,11001,011,001001001,011,1000100,000111000,000010000,1000010,00001,1001,100,000,00,
00001101,1000100101010001100100,001000111100,00110000001,011,0011000100,00,001000001100,000110,1000010,,01110,1001,0,
11010001,0101100100,001000111100,00110000001,010,0011000100,00001100100010,1000100011000110,0100110000,01100,1001,00,00,
10010010000001100100,00001001101001,001000111100,00110000001,00001,01100000,00000001,1000110,1000100,0000,001001001,100,0011,00,100000,0,
010001100,001001001,10010000,00110000001,000,000011000,000010000,1000110,0010000100,00000,1001,1001,000,00,0,0,
000010,0110101011,0011,00110000011,0011000100,01100011,0000100001000011,000110,000100,0000,00110000011,0011100100,011,0,01100011,00000011,001,001,00,001000011100,000010000,
000010000,0100101001011,00110000001,10001,0011000100,100001,000010000,100110,1100100,1001,001,1001,00,0,
1100000010000100,1100,1000000110000001,01,0011000100,0010000100,0001110001101,0000010,100110,1001,1000000100001,1001,000,000,0,
011000110011100100,000010011100111,001000111100,0011000000101100011,0011000100,000010000,1000000,100010,00000,00101,00,01000,00,0,0000100111001,1011,10001001,001000011100,1000010,
01000101000,0000100111001,001000111100,00110000001,0011100001101100,01100100,00000011,00000011,00000011,0011,01100,001,00011
11000001101,1000000100001,001000111101,00110000011,00110000001,,0000010,000011001,1000010,100110,00000,1001,000,00,0,
1100000000101001,000011000,001001000100,100,1001,0011000100,01000110,100010,00000,000,1001,,100,00,
01010001100100,100010001001,001000111100,00111000011,01110,000010000,000010000,01100011,100010,00010,1001,1001,001,011,00,0,
000010011001,01001101011011,00110000001,0010000100,000010000,11100011,01100011,0001,00001,00110000001,1001,1001,00,0,
110000000011000,0000100111111,001000111100,001000001100,000011001,000010000,000110,100111,1001,1001,,1001,1001,00,00,
10000001100100,10001000001100100,10000001000111100,00110000011,0010000100,0011100100,01100011,1000010,000110,000110,00001,1001,000,1001,0,
0000010011000001101,00111001001000110,00111000011,,00110000001100111,,11,10001,1000010,00,01100,00,0,0,
110000100111,1000000100001,001000111101,00110000011,0011000110,000010000,000010000,00100011100001,0000010,00001,1001,000,00,0,
00000000000,100001,10000,00110000011,100,000010000,000010000,0000010,100010,1000010100001,100,1001,100110,00,0,
110000100110,100100001011,0000,10000001100100,0010000100,000011000,0000110011000110,1011,00001,00010,1001,100001,00,0,
01001,100,10011001000010000,001001001,010,0011000100,,11,10000100000010,100010,1001,001,00,0,
11000001100000,1000000100001,001001001101,001100000110,100100,000010000,1000010,100110,00011011100,1001,1001,00,0,
1,0011000100,0000100111001,00000011,00110000001,011,01101,1100,1000110,011101000110,0000,1001,0001110000011,00,000010,
10010000100100,100110011000110,001000000100,11100011,0000110000011,111000011,001000001100,000110,1001,1001,010000,00,0,
001100011001101010,0000100111001,011000011101,00110000011,0011000110,000010000,01100011,1000110,01100100,00011,1001,00,0,0,
01000101100000,0000100111001,000110,000,0010000100,0011100100,000111000,01100011,1000100,00000,1001,1001,000,0,
1100000000000,1000000100001,0010000100,0,000011001,00001,00000011,00100011,10001000100011,00000,,01100,00,0001100101001000000100001,
010001100000,1000000100001,001000111101,00100,0011000100,000010000,11,0000010,1000010,000010011000100,01110,001,1001,00,0,
0100,10001001,0000100111001010011,1000100,00000001,00100011,001000001100,00100011,0010000100,00000,00010,00010,00,00,0,
01000101100000,1000000,10,000,011,0011000100,000011000,1000110,000011001,000010,01,100110,00,0,
0000000010000,0001100100,00001110011,001000000100,,000,000010000,11,,001000011100,100001,1001,,,100110,101,00,0,
110000000010000,1011,001000111100,00110000011,0011000100,100111,,000011001,1000110,00,00000001,1100,1001,001,00,00,
1100001000110,1000000100001,001000111101,010001,0011000100,000011000,01100011,1000110,1000000,10001,100110,001,
000011001010011,0000100111001,001001100100,000011001,1000110,100111,00000011,0000,00000,1001,001,1000000100001,00,0,
001000001100,001,1000000100001,001000111100,00110000001,100100000,000010000,00100,100010,100111,00100100101100000,0010000100,011,00,
01000100010,000011100,1100001,
00100011100100,0000100111111,001000011100,00110000011,0010000100,01100011,00100011100110,1000010,01001,00010,1001,00,00,
01000101100000,000011000,001001000100101,0011000100,0011000100,100001,1000010,1000100011100100,0000111001,1001,1001,00,0,0,
1001000010000011001001000011,0011,1001,0011000100,0101,1000000100001,1000010,100010,10000001100100,1001,001,00,0,
001100010001100000,1000000100001,001000111100,001000011100,0011000100,000010000,0110001111,1000010,100110,000110,00010,1001,0000010,00,0,
1001000010000100,01101,0010010010,1000011,
10010000100001000011100,0000100111001100001,00110000011,0000100001101,000011000,01100011,00000011,100010,100010,0011000100,1000100,00,00,1001,00000100000,111001000110,
00000101100100,01000101100100,1101,001100110000011,0011000110,1000000100001,001000111101,00000,10001,0000000,1001,1001,00,
1000100010110010010010001100100000010000,001000001100,101,1000111,01010001100100,,000010000,0001101,000,1001,1001,00,00,1,
01000011000100,000011000,00100,0010000100001001000100,01000,,1000000,11,100010,000110,01110,001,001,0,00,00,
01000101100100,10001001010000,00111000011,0001,001001001,0011000110,000111000,1000110,10,000110,1001,1001,00100,0,
00100011100100,10010000010010101100100011,101,11001,0010000100,0,10000011,1000100,110000,11100,0001,001001000100,1000010,
010000000000111000110,100000,001000111100,00110000001,11001,0010000100,000111000,1000110,1000000,00000,01000,1001,000,00,0,0,0001,00010,,
,0011000100,0,01100011,000010000,01100011,000010000,00000,1000010,000110,100110,011000011000011,00001,0,00,
000010000100111,0000100111001,001000111100,00110000011,00010,01000,000010000,1,0000010,000110,1001,1001,0000010,0,
00000001100110,1000000100001,001000111100,01100011,0101100100,0010000100,11,01100011,100010,100010,001,,001,000,00,0,00,
01010001100100,0110000110000011,001000111101,00110000011,0011000100,000010000,01100011,1000010,1000010,00000,1001,001,00,0,
11000001100100,111001000000100001,00100110000,
1000000,01100000,001000000100,001000111100,1000000100001,000011000,000010000,010000,00100011,000011100,00000011,01,1000000,100100,00,0,1000011,
00100011100100,00001001101001,001001000100,1010100011,0011000100,00100100010000010,000011100,001001000100,00000011,11100011,001,100001,0,
11000001100001,01101,00100100010011,00110000011,000,000010000,,00010,000,00000,0010100100000,00,100010,
010011000000110000011,00100011,00100101,0011000110,00000011,
10010000100000110010001001001,001000001100,00000,01000,00110000011,0011000100,00100011,0000110011000010,00001,1001,1001,00,0,
00000100100100,0000100111001,001000111100001,00110000011,010001101,,1000000,00000011,100110,000010000,100001,00,0,
0100101000011100,00001001101111001,00110000001,0011000100,000011000,11100011,1000110,100110,1000000,1001,000,00,0,
000010000001100100,10,00111000011,001000111100,1000011,,001,000011000,1000010,00010,10111000110,1001,,0,0010001100100,0000100111001,000011001,001,0000100111001,00000,011,000110,0000100,01100011,100001000010,011,0011100100,00,1000000,10000,0,11,00111000011,
0000001000001100,00001001111001,0110000110000011,000,0011000110,000010000,01100100,100001,00100,0011,001,001,10,001,
1101110,001000111001,001001100100,000011001,000011000,000011000,01100011,10,00001,1001,1001,0,0,0,1,
00011001001,0001,001000011100,00110000011,00001,0011000100,000010000,1000010,100010,00000,001,1001,1001,00,001000111100,
00000011100100,0100100000,001000111100,1010100011,0011000100,000011000,1000110,1000000,000010000,1001,000110,00,0,0000100111001,00000,
10010000100011110001101,01110,10101,0011000100,0010000100,000010000,1000010,100010,001000,1001,001,00,0,
001000001100,00000000110010110100100011,001000000100,001101,10001001,000011000,0000000,000110,000100,01100,001,0011,00,
11001,001,11001,001000111100,00100100100000001,0010000100011,10000011000010000,100110000,000100,01110,1001,00,00,10001,
10000001100100,01001,001000000100,001000111100101,0011000110,001100010001100100,000011000,00011,01,00001,1001,1001,00,0,0,
01010001100100,1000100000110000100111001,0010010001001000011,00110000011,1000011,,,0000010,0000010,00000,001,1001,00,,001000000100,0,
010001100000,1000100111001,10001,10101,0011000110,000010000,10,100010,001000110,1001,00001,00,00,001001000100,
11000001100001,0000100111100100000010010000011,01010001100100,011,000111000,000011100,11,1100,00001,01000,1001,010,00,0,00100011,
11000000110000001,0000100110001100100,001000,110000,0001100100,000011000,1000000,100010,000010011,0011,01100,00,0,000010011,
1010101100100,00001001111100111,01110,0011000100,0000000,000010000,0101100100,1000010101,000000011,1001,001,00,
01010001100100,1000100101101,001000001100,00111000011,0101100100,0011100100,1000010,001000111100,01110,001,00011,1001,00,0,
00000001000,0000100111011,000011100,00100000010000110000011,0010000100,01010001100100,01101,1000110,001000111101,0001,10000011,001,00,1,
010001100000,00001001100100011010001,00110000010,00000011,00000,00000001,1000100,000011100
100000010101100001111001,001000111100,00110000011,0011000110,000010000,00011,1000010,00110000001,1001,1001,1001,0011,01010001100100,
000111000,01110,0000100111001,011,100111,0010000100,0010000100,11100011,100111,100110,100110,1001,1001,
10010000100100,1001100101101,10,0011000100,0011000100,01100011,01100011,1000100,000100,1001,00110000011,00,
010000,000011001,0000100,001000001100,000011100,0010000100,0011000100,01100011,1000110,000110,01000,01000,1001,00,0,0,
100100001001000100,1001000001001,00100000011001,00110000001,100000,000010000,1000110,0000000,000011000,1001,1001,00,0,
110000100110,1001000000001100111001,0000,00110000001,000011001,01100011,0101100100,0000000,00010,0011,0010000100,1001,00,0,
01010001100100,0000100111100000011000,0010001,000110,000011001,000010000,1000000,00000011,000011000,100110,01100,001,101,0,0,
10010000100100,10011001011,00110000011,100110,00,000111000,0110100110000001,00000,1001,01100,00,0,
1100000,0000100111011,001000001100,0011010,00110000001,
01010001100100,10001000011,001000011100,001000011100,101,0011000100,0011000110,1000000,00001,00000,1001,,1001,00,00,
00000101100100,100001101100,001000111100,010,100100,1001,00110000011,0000100111001,00110000011,00110000011,101,1001,0,00,01000110,
10000001100101,001000111100011,00110000001,00111000011,0011000100,11100011,00100011,1100,00000,01000,1001,001,00,0,0,
10000001100100,100010001101,00100100100000001100000,01100000,0011000100,01100011,11,100010,00000,,1001,1001,100,00,
00000001100110,100,1000011,11001001,00110000001,00111000011,00000001000010101,1000011,00001,1001,00100,00,0,
1001000101100100,001,0000000,00110000011,0011000100,0011000100100111,01100011,1000010,100110,001100111,001,001,,00,0,
00000101100100,010000000001,001000001100,00110000011,1000000,,000010000,1000010010,10000011,00001,00110001000,1001,000,00,
00100011,10001001000010011010010000001100100,000001010001100100,01010001100100000,01001,00011001001000110,0000010,000110,0011000100,001,000,00,0,
11000101100000100100,001001001101,1000011,0011000100,00001100100,1000000,1000010,00010,0001100100100,00001,100,0,
01010001100100,00100000010001100011,000011100,01100011,00110000011,000010000,001000110101100100,1000110,000110,000100,00,001,0011,0000100,0,1000010000100,0,1000000,10,0,000011001,00110000011,0,00100011,001,00100,00000,001000000100,1000011,000100,00111000011,0000100000,00000,
01001100001000100,10,001000111100,000100,0010000100,00000011,01100011,01100011,1000000,00001,1001,1001,00,0,0,
1000100011100100,01001,001000001100,00110000011,0011000110,000010000,000010000,1000000,100010,0000100111111,
00000001100110010,100000010010010000100111001,00010,00,00100011,11100,000010000,1000100,00000,00010,0001,001,0011,0011100100,
010,001000000100,0000100111001,00110000001,01101,
1100110000011,1000000100001,00000001,00110000011,10010000,0011000100,000010000101,01100011,1000010,0000100111001,000110,00001,000,00,0,
000111000,00110000011,0000100111001,0000010,00110000001,00,000011000,000011100,00011,0000000,000110,01000,1001,0,001101,
10000001100100,100001,0000100111001,000011001,0101100100,00,0010000100,010000011000,10001001,000110,010,0000100111001,10001001,0100,00,1001100,
00010001001,1000000100001,001000111101,00110000011,100001,00001100101101010001100100,1000010,1000010,00111,1001,0010000100,101,
01010001100100,1000100100001,001000111101,000011001111,1001,000010000,00000011,011,10001011,1001,1001,011,00,0,
010,000100,01100000,0010000100,00110000001,00110000011,000010000,01100011,10001,0000010,0000110000011,001,100110,000,100,
011010101110,0000100111001,1000100,00110000001,001000110,00001000011,01100011,0000010,000010,1000011,001,0,0,010,
010000100001,000011000,001000111100,0,00111000011,0011000100,000011100,100001010000001000011000011,000100,1001,01010001100100,0,00,
01010001100100,1000100010001,0110000110001,0011000100,01,01100011,,1000110,0,01,1001,0011,01000,00,0,0,
00000011100100,100001,001000111101,00110000011,100110,000010000,000010000,01100011,00110000001,00010,0001,11100011,00,0,0,
01010001100100,1000100101001,001000111100,00110000011,0011000100,000010000,0011000110,000010000,0001100100,000110,000010000,001,00,0,
010001100111,1011,10000011,00110000011,00111000011,1011,000111000,00000011,1000000,100001,01000,00,0000011000110,1,
10,01100000,000010000,100111,00110000001,011,,000010000,01100100,100010,00010100110,1001,001,100,00,
00000101100100,1101,00100000010001101,001000000100,10000,0110000100001,0000100,000110,0001100100,0011,10000,00,,00,0,
010010000011,110010010000,001000111100,100010010000110000001,0011100100,000011100,10,0000100,00000,0100001100000,00,0,
01010001100100,10001000011,00110000011,001000111100,0011000100,100100,01100011,10000011,100110,01100011,1001,000010011,00,0,
00000011100100,0100110101011,1010000,01100000,000010000,00000011,0000010,01101,001,001,001,0,
0000000100,0000100111011,001001000100,0010010010011000110,000011001,000010000,00000011,0001100100,00000001,0011,1001,1001,00,1,0,
00000000,0010000100,00100100111,001001001101,10000001100100,000111000,000010000,1000100,10000011,1001,,1001,000,00,0,0,0,00000,0,1101,00010,0010000111000011,
000010000001100100,1000000100001,001001001,00110000011,001000011100,000010000,000010000,0000010,100010,01010001100100,0011,00111000011,001,00,00,0,
01010001100100,0011000100,0000100,001000111100,001000000100,00,00100
10010000100100,01100,001001000100,00110000001,1001,00011,000011000,000010000,0000010,000010,01,1001,00,00,
00001000001,001000000100,0000010,00110000011,0011000100,000010000,000010000,1000010,100010,,00000,1001,100,00,0,0,
01010001100100,1000100,1001,0,00110000001,011,0011100100,01100011,0000,1000010,001001001,1001,00110000001,00,0000,
001000001100,00001,000010000,0010001111001001,0011000110,0011000100,000010000,100000110100,01100011,01,1001000011000,00,0,0,
01000010000100,100010010000100111001,0010011000011000100,00110000011,000010000,01100011,0100,
0000001000111101,0010001111011000110001001001011,01100100,00110000001,100001100111,01100011,1000010,100111,0001,01010,01100011,00,
00000011100100011,00011101000111101,00110000011,010000,01010001100100,1000010,00000011,001001001,01101,001,1001,000,0011,
11100011,1000100110010000,001000111100,001000011100,00110000011,0011000110,00100011,01100011,0000010,0000000101100000,100110,100110,00,0,
0010001111,000010011010000,1000110,0000001101000111000110,000010000000011000,00111000011,110000,00001001011,011001,1001,00,0,
00001101,111000010000001001100110000001,000,01100001,0010000100,000011100,000011100,00001,110000,101,1001,1001,001,0,
011000110101100000,0000100111001,0010000111000011,00110000011,000010000,01100011,11,1000100,000110,00,,010,000,00,0,
01000101000,11100011,001000111100,001000000100,0010000100,0011000100,0001100100,1000110,000110100110,001,000100,1001,00,0,0,
00100011100100,0000100110011100100000011000,01010001100100,000111000,0010000100,000010000,0000010,100010,000110,0001000100,01101,100,00000010011,
0000100111001,1000100101001110101100100,00110000011,0011000110,000010000,10000011,10000011,100010,00000,10011000110,1001,00,000,0,
1100010000,1000000100001,10001,00010,0000,0011000100,000010000,00000,00000001,000110,1001,001,00,0,
0000100111001010,1000001000110,001001001,001000011100,0011000100,101,00000,00100011,00100011,00000,01000,1001,,101,00,0,
01000101100100,1000100111001,0010001100011,00110000011,000011000,01001,1000010,100010,01101,1001,00100011,000,00,
1101001,01,001000001100,00110000011,0011000110,000010000,01100011,00100011,100010,00101000,1,001,100,00,0001,
00000011100100,01001,01000,00110000001,00110000011,0000100,
00000101100100,010001001,00000001,00110000001,100000,000010000,01100011,000010000,100110,1101,01000,100,1001,00,0,0,01100011,00111000011,000,100111,,10001001,
01000110001,11000001000,000100,00110000011,0010000100,000010000,011000110000100111001,100110,00001,1001,1001,00,0,
010000000001,1000100111001,001000111100,00110000001,0010000100,10000011,11100011,1000110,1000010,
01000111100011,0000100111001,001000111100,001001001000,0011000100,000010000,10000011000011000,1000000,00110000011,000,01100,00,00,0,
0000000101100001,1000100100001001101,00110000011,0011000100,100,01100011,11,00100011,0000010,01100011,001,001,000,00,0,
11000001100001,1000000100001,0010010010,00110000011,01100011,110000,00011,01100011,1001,100010,1001,100,00,0,
11100000111000110,000010000100001110001100011,00110000011,00100,0011000100,01100011,01100011,1000000,1001,1001,001,00,0,
11000000,001000000100011000000011100,001000000100,1000010,1011,1000000100001,1000010,0000010,00001,1001,001,000,00,0,0,
01000001101010000110100000100011,001000000100,0010000100,0011000100,11100011,01100011,1100,00001,00010,001,000,00,
01000101100100,1000100111001,001000111100,001000000100,1011,00111000011,01100011,1000010,100110,00001,00010,1001,0001101,00,0,
001110010001100100000111100100011,001000011100,100001,1000100,0010000100,1000010,00000011,001000011100,001,1001,1001,00,010000,
1100000010000100,1000000,00011001001000110,00110000011,01100001,000011000,00110000011,00000011,1000010010,000100,1000011,0010000100,0,0000100011,011000000000000,000110100110,0000110001000110,0,001000001100,
11000001100100,1000000100001,001000111101,00110000011,00110000011,000010000,00100011,01,100010,100010000100,1001,0,00,0,1000110,
0100100,1000000,10000,001000111100,001001000100,10000001100100,01100011,000011000,100110,0001000010,1001,001000011100,00,0,00000,
11000001100001,100100000100100111000011,1000110,0000000010,0010000100,000011100,00000011,01100011,00000,01110,1001,00,0,
0100100100,100000,00100011110111,10000100010,000,00100011,0000100,000010011,0000010,1001,000,1001,01100000,00,
1000,01100000,1000000000011,001001001101,00110000011,000010000,,01100011,100110,000010,10000,1001,11001,00,0,
011000010101100100,01001110000,001000111100,00110000011,0011000110,000010000,01100011,1000010,0000010,000100,101,1001,000,0,0,
01001001,000100,001000011100,001000111100,001000011100,0011000100,000011000,000011000,1000011,100010,000100,1001,000,00,00,
10000001100100,1000100101,001000001100,00110000011,000010000,000010000,00100011,
000010000001100100,01001,001000111100,00110000011,000011000,001000011100,000010000,1,100010,100010,1000110,001000010000,1001,00,00,
01010001100100,1000100101101,001000111100,0000000,00110000011,00111000011,00100011,
00100011100100,00001001101000000000110000011,0000000110001001,0011,01010001100100,0010000100,100010,1000100,000,011001,000,00,0,
100001101101,10000011,00100100101101,00110000011,000010000,0011000100,01100011,01100011,0000010,000010,001,00010,00,
01000001101010,10010000000,000100,00110000011,1011,1101,010000,1000110,10011000110000001,1001,01010001100100000011000,0,000011001,
0100100,1000100111001,001000111100,00110000001,0011100100,0011000100,01100000,1000110,000110,000000000011,001,1001,000,00,0,
11000000000,000010011,000010011000010000,
0001100110,001,001000111101,001000011100,0011000100,0011000110,0010000100,0000100,100010,100010,0000,001,001,0000,0,
01010001100100,00000010000,0000,0000100111001,0011000100,0011000110,01100011,100110,1000110,000110,1001,0000100111001,
1100100,01101,010000,
10010001010001100100,1000100,001000111101,001000111100,00110000011,00110000011,000010000,0110001111001,100110,00001,101,1001,1001,00,,0,
001000111101,00000011,0000100101110000,00110000001100001,0011000100,001000111101,10001001,000001001100011,01100,1001,00001,001,00,0,
000010011001101001000011,001000111101,100000,00110000011,0011000110,000010000,00100011,000001,10001001,00010,1001,1001,0000010,00,100111,
01010001100100,100001000011100100,001000001100,00110000011,011,011,,1000010,1101001010,,1001,,0000100,00,0,
1110001,1000010,001001001100111,001000000100,0011000100,0011000100,01100011,,0000010,00000100111,1001,001,001,00,0,
10000001100100,1000100,0000100,00100110010001,01000,0011000100,0000,1000110,10000001100100,1000100000,01110,100,000,00,
0100010101100100,00110001001011000110,001001001,0011000100,0011000100,000011001,00011,00000011,000010,001,1001,00,0,0,
0000000011100,100000000100,00111000011,00110000001,011100111,001000111100,001000011100,00000011,001000011100,0011,01,1001,0,00,001000110101,0010001111001000110,01001,000110,
110000011,01100100,101,001000011100,00,000010000,10,1000110,100010,100111,11100011,001000111100,00,0,000,
10000001100100,000001100000,001000111100,00001,0011000100,0011000110,01100011,0000010,1000010,1001,00001,001,001,00,1,
00000100110000001,0000100111001,001000111100,01,011,000,000011000,00100011,100110,000110,1001,100111,00111000011,0,0001,
11100110,1001000000010,100010010100,00110000011,0011000110,1011,10,01100011,100010,00111000011,000011100,00,0,1,100110,
01000101100000,0010010,000011100,00110000011,00111000011,00100011,10000011,100010,100010,0001,001,001,00,00,00100011,
01000,11100011,001000111101,00110000011,0010000100,000011001,0011000110,01100011,001110000110,0000000,1001,001,10011100,
01000001101,0000100110011100101101,0000101000110,0010000100,11100011,100111,1000100,10000001100100,1001,1001,100,011,
10010001000,000100,01100,001000111100,001001001,00110000011,00100001000100,1000110,00100011,00001,00010,1000011,1001,00,,
1100000110000101100000,01000110000011,001000111100,00110000011,0011000100,0011000110,1000000100001,000010000,00010,011,1001,001,01100000,00,0,
01100100,1000100,100110,100111,10,011,1000010000010000,1000000,00000001,01000,00011,001,1001,00,0,0,
00100011010000001000110,00100011,001000011100,000110,0010000100,000010000,11,100010,00010,11000000100111001,1001,1001,0,0,
0100100100,100010011011,01100001100100,00110000001,0011,10000001100100,00110000011,100110,100010,1001,01110,101,00,00,
0000100111001,1000000,1000000100001,1000010,10000,10001001,0011000100,001000111101,1000010,11001001100010,1001,1001,00,0,
010001100000,0001,000100000011,001000000100,0011000100,0010000100,
01010001100100,10001001100001,1000000,00110000011,0011000100,01100011,01100011,1000010,100010,00000,1001,001,00,100111,
0100000011100100,100100001101,0001,00110000001,10,0010000100,1000110,000010000,010000,11000000111000,00000,100,1001,00,0000,
0100010001100100,0000100111001,001000111100,1000000100001,10000,110000,010000,00100011,01100011,00000,001,001,001,1,0,
11000001100000,1000000100001,001001001101,00110000011,0010000100,00011101011001001100,0000000,0000010,0011,01100,001,01101,00,01100,
10000001100101,01100001011,00110000011,0011000100,0011000100,01100011,1000010,1000010,00000,
100100100,1000000100001,0010000100,00110000011,0011000110,000010000,100111,01100011,1000110,00010,00101,1001,00,0,0,
1000010101100000,0000100111001,001001000010,00110000011,1100,1000010,1000010,1000010,00000,00001,01110,00,0000010,0,
01010001100100,01100001000010000,001000001100,01010001100100,01100,000011000,0011,00000011,1000000,00000,000110,100,00000,100010,
0110100000001,
0100100001001001110010001000100100101100000,101,001000111101,10001001,01010001100100,00000011,010000,00110000001,01110,000110,000,0,0,
01010001100100,0000000101001,001000111100,00110000011,0011000100,000010000,01100011,100010,0000010,11100011,1001,10010000,000,0010,0,
0100000100011100100,0000100111001,001000111100,10101,0011000110,10,0010000100,0000010,10001001,000,001,100101001,10001001,00,0,
100010001000011100,001,001000111101,00110000011,0011000110,000111000,10000,1000010,100010,0,0011,001,001,0011,00,
,001000001100,0000100111011,001000111100,00110000001,0010000100,0011000100,101,1000010,100010000000100001,1001,00010,00,00,0,
11000001100001,1001000010000,000100,000,00111000011,00111000011,00010,1000000,1000010,00001,1001,00110000001,01110,
0100011,0010010001001001,00,101,,000010000,000010000,0010000000,10001001,00000,10001001,000,10000001100100,01,
00000101100100,01010001100100100111,00100,00110000001,0011000100,0011000100,00100011110001110,0000010,000100,00001,01110,1001,000,0000,0,
110000110000,01110,010001,00100000010011,0010000100,000010000,0000000,100010,1,000100,01000,1001,,00,0,
00000001100110,0001100100,1000000011,000110100,000010000,000010000,10000011,1000010,1001,001,010,001,00,0,
001000111101,1000000,0000100111001,1000100,100101100100,010000,000011000,0110001101000,11,0000110000011,1001,001,000,01000,0,
1101001011,0000100111001,1000100100010,00110000011,0010000100,000010000,0000100,100010,000110,000110010,001,0000,00,1000010,
01000100100111,10000001000001100,001000111101,00111000011,0011000100,00000001,00111000011,11000000100000010000,00110000011,000,000,00,0,
000001000010001101001101111,00110000001,011,01100011,11100011,1000010,100110,00001100001,0100011,1001,,000,0,
10000001100100,100010011,001000111101,100100,00110000011,000011001,00100011,0000010,100110,00000,001001000100,001,00,00110000001,01100011,
0100010101100100,0000100111001,001000111100,00110000001,0011100100,0011000100,11100011,01100011,1000000,00001,01110,1001,,100110,00,0,
1100000000010,00001001101100011100,0011100001110101000,0010000100,000111000,100110,000010000,00000,0011,1011,00,0,
00000011100100,0100110101000,00111000011,00110000001,100110,000111000,1000010,11100011,10011101100011,0110001100000,,01100100,00,0,1000000100001,0011000110,110000,11100011,1,001001000100,0,
001000101100100,10001001011,001000001100,1010110000010000011,0011100100,01100,01100011,1000000,10001,01000,1001,,101,00,00,
01010001100100100010,10000100000000,00110000011,0011000100,11100,000010000,01100011,100010,000110,001,001,00,101,
1000100101011001000001110,00001,00110000011,0011000100,000010000,00001,10000011100010,0000010,00001,000111000,1001,00,0,
1001000001,00001001101100100,0110000101,0010000100,,011,,,100100,,001,1001,,,1001,,,,0,
11000001100001,00011001000111101,011,00110000001,011,11100,01010001100100,00100,1000010,000100,1001,100,00,0,
10000001100100,1000100,1001,001000001100,100100,011,,,11100011,1000110,100110,00001,01000,1001,00,0,
01010001100100,10001001001000001100,001000001100,001000111100,000,00110000001,01100011,001000111100,1000010,000110,00101,000,1001,00,0,
1100000100,1000000100001,001000111101,0011000001111,000011000,0011100100,0100,00000001,,10000011,000011000,001,001,0,00,
100,1000100100001,001000111101,00110000011,0011000110,000010000,000011000,000110,0000000,001,001,00001,00,100110,001000001100,0,
010010000011,1000000100001,001001001011,100100,00110000011,0011100100,01100011,01100011,100110,00000,01110,000,00,,
10000001100100,1000100001,001000001100,10000001100100,0100011,010,000011000000011001100110,0001,001000011100,1001,00,0,0,
11010000,0010000100,0001100100,001000011100,00110000001,0011000110,000010000,1101,100010,00010,001,001,00,0,0,
000001101,01001,0010010010011000100,001000000100,01,00000001001,00100011,0000010,001,100110,00,1001,0,0,
110000
00000001100110,001001001,001000001100,00001,00010,0010000100,00,00000011,1000110,000110,1000000,000110,100110,00,
01010001100100,1000100100001,001000111101,00110000011,0011000110,000010000,
01100011,100010001101,0001,00110000001,0011000100,0011000100,0101100100,1000010,1000010,100010,001,001,001,0,00,0,
0000001000111101,00110000011,001000001100,10000011,001000011100,0010000100,000010000,1000010,10001,100110,001101,001,000,00,0,
01010001100100,1000100100001,001000111101,00110000011,00000,000010000,00100011,001000111101,01100000,0000010,1001,001,001,00,0,
0000000100010,1110001111001,0000000,100001,
00000011100001101001100000000100111001,1000110,00110000001,01100001,0011000100,000011100,0001100100,1000000,000110,1001,,00110000011,0,00,1000000100001,
00000000,000100,1000100,000100,0011000100,001000000100,,,0000000,01100001,100010,1001,1001,00,0,
0000010,100100,0001100100,01100011,00000,001000000100,000010000,1000010,0000000,00110000011,1001,1001,,100001,0000011,
10000001100100000001000000100001,00111000011,00110000011,0010000100,000011000,01100011,00000011,0001101000110,1001,10010000001,000,00,
0100010110000110000011,0,00110000011,100100,00110000011,00001000001000,01100011,00010,1001,01000,1001,100,00,0,
0000000111,0000100111110,001000011100,00110000001,0011000110,000010000,1000010,1000110,100111,00000001,1001,001,00,00100011,
10000001100101,01110,001000011100,00110000001,0010000100,000010000,110000100110,1000000,0000000,000,1001,1001,001,000,0,
0010001111010000010,10001001001000011100,001000001100,00110000011,10010000,0011000100,01100011,00000011,000110,000110,01001,001,
100100001000011100,01001100,000011001,00110000001,1001,01,000011000,00100011,0000100,000110,1100,0111001,00,00111000011,
011010000,1000100101001,010,0011000110,1,0011000100,11100011,1000110,000110,100010,01110,1001,1001,00,0,
0000000110011000110000011,
01000101100100,0100000100000,00110000011,0011000100,0011000100,01100011,01100000,100010,00010,,1001,001,00,0,
01000100011100,100111,000,0011000100,000010000,000010000,1000010,01000,
00000101100000,0000100111001,010000,00110000001,001000111100,0011000100,10000011,1101,000,00111000011,0001000011,001,101,001,0,
10010000100100,10010000000,00110000011,101,100110001,100010,000011000,100010,000010,001,001,00,1,
00000100000100,1000010100101101,00110000001,011,0011100100,00000001,001001000100,0000010,000010,1100,001,0001101,
00000100100,1101,001000111100,10100011,01101,0011000100000011000,1000110,000110,000011000,01110,001,000,001,
10000001100100,011000011000011,001000111100,00110000011,0011000100,1000011,000010000,01100011,00100011,000110,1001,1001,0,0,
00000001,000111000,1000000100001,11001,001000000100,01110,100110,,001,100010,00010,00011,1001,100100110000011,00,0,
100000011001000010000100,11100111,001001000100,01100,0010000100,0110000101,010000,01101,1000010,000100,1011,00,0,00001000110,
000011100,0000,11100011,1000100,001000111100,0010000100,0010001100011,1101100011,000110,000010,0000010,1001,00,1,
001000111101,100010011,001000111101100110,001000011100,0011100100,0010000100,01100011,01100011,100001,100010,0,1001,00,00,
100000001101010000111001100011010101011001000011000100,10000001100100,000010000,10000011,0000000,000110,000010000,1001,1001,00,0,0,
0100010110000101001,001001001011,00110000001,
10,10001001000100,1000011,00110000011,0011000100,000010000,01100011,0110001101101,11,10001,001000000100,1001,00,00,
111000010011001000000110000011,1000000001,00110000011,1000010,000010000,10000101011,1000010,00001,1001,001,00,0,
010000001000011000100,100110000000111010000,001,0010000100,01100011,000010000,10001001,0000100111001,0101100100,,1001,0,00,
110000000111000,100100000100100,00110000011,0011000110,000010000,01100011,11100,1000110,
001000110101100000,00000011,001000001100,10000,00000011,0010000100,1000110,1000010,00011000100011,000100,000100,001,00,0,0,00111000011,001000111101,01000,001001001,01101,1000100,000110,00111000011,000110,1000000100001,10000001100100,00000001,1000010,000111000,
11000001100001,1001000001001001,0001100100,00110000011,0010000100,01100011,1000000100111,00000,0000000,01,1001,000,,00,0,
0010001111110,100000000010,001001011,0010000100,00100011,0000010,0000000,000110,0001100100,01100001,001,00,00,1000000,1000110,00001100100011,1000000100001011,1101100110000100,100001,
10001001001001001100111,0000100,001000111100,00000,000100,000011000,11100011,1000010,0001,00001,1001,00001,000110,000,0,
01010001100100,001101100,0010001111011000110,00100001,00110000011,000010000,01101,00001
11000001100001,000111000,001000111101,00110000011,000011000,000011000,00100011,00000101110001100011,01,1001,001,00,0,
010,0011,0010000100,00001,00110000001,00110000011,0011000100,010000,000010000,100001001100011,0011,10001,001,00,1,0,
001000111101,0010000100,10011001,001000111100,00110000001,0011000110,000010000,00000011,100010,000110,00001,,1001,1001,0,00,
01000001101010,1000000100001,100001,1100111,00110000011,000010000,1111,0000010,00001,1001,1001,00111000011,001,
000001100000,100000,100100,00110000011,00111000011,000010000,01100011000010000,000110,00010,1101,001,1100,00,
1,01010001100100,00001000001,10001,001110010001001,000110,00000011,100010,10001001,000100,10000011,1001,00,
01000001101010,001000001100,010,00110000001,10001001,0011000100,000011000,1011,1000100,0001,0011000100,1001,10010,00,0,
1111,10001,0010010011001,0100,0011000100,0011000100,1111,0000010,00010,1000000100001,0000010,000,00,0,
0000010000110000011,0011000100,001000111100,00110000001,011,0011100100,01100011,1000010,01100011,100010100110,01100,001,0010000011000,00,00000011,
01010001100100,1000100,,0001100100,00110000011,0011000100,01100,01100011,1000010,100010,00000,10011,1001,1000010,00,0,
00000101100100,0010000001001000110,0000010,1,011,0101100100,1000100,100010,1100,0000000,1001,001,011000000,
001000110000,1001000000000001,001000001100,00100,10,000011000,01100011,1000110,000110,100010,1001,000011000,00,0,
10000001100100,1000100,000010011100110110001,10000,100,000011000,000111000,00100011,00110000001,0000000,00010,1001,1001,00,01,00,001,0000100,11001,0000010,10010000,00100100010000110000011,00110000011,100010,000110,10000001100100,0,1000110,001,000011000,01101,1001,
0100001001000000001000001101,
1000010,10001001101,001001000100,00110000011,0011000100,000011000,000011000,00100011,100010,11001,1001,001,001,00,
11010001100000,0001,100111,00110000001,011,001001001,101,100010,01100,00001,1001,1001,100,00,0,
000110010001100000,01,001001001011,01010001100100,0011000100,01,0011010,10,100010,00111000011,1001,001000001100,00,00101000,
1100000000100,0000100111011,001000001100,1000010001011,0000100,1001,01100011,10001001,0000000,1001,1001,100,00,011,
1000101100000,001000111101,00110000001,10000001100100,01000,000011000,00100011,11,0,00000,001,01,01100011,00,1,
0100010,0000100111001,001000001100,00110000011,0011000100,0011000100,01100011,110000,0000010,000010,000110,001,00,001000000100,
11000001100000,000100,100111,000110,00110000011,0011000110,000010000,1000001110000001100100,1000010,000010,1000110,00110000011,00,00001001110010,
100111,100100,1000000100001,01100100,00110000001,00000,100010,01100011,001000111100,1000010,01100,00010,1001,000,00,0,0,000010011,0011000100,
01000101100000,01100010,001000111100,00110000011,1000100,00100011,1000001101100011,0000010,01,10001001,1001,00,00,00110000001,
10000001100100,1000100101001,00100011110000010,111001001,0011000100,000011000,1000010,10001000001000001,1001,001,00,0,
0000000101100000,000010011101111001,0011,01000,0011000110,000010000,11,1000011,00000,00001,1001,001,0,00,
10000001100100,1000100101001101,001000111100,00110000011,0011000100,
10000001100100000,001000011100,1101,00110000011,00110000001,0011000100,0101100100,1000010,001110010001100011,000110,1001,10000001100100,01100100,00,0,0,
110000100110,1000000100001,001001001011,00110000011,0010000100,0011000100,01100011,1000110,1000100,
0100001000010011100100000001100000,000100,001000000100,
00100011010001100000,0000100111001,10000011,001000000100000011000,000010000,0011000110,1001,0000010,0000000,1001,000,1001,00,0,0,
0000001100000001,0011100001100,001001000100,00110000001,011,000011000,000011000,001000001100,100000,000100,000011100,00110000001,1001,0,01001,
11000011100011,1001000001001,001000001100,,0011000110,1001,000010000,1000010,000011100,000011100,1001,,,,0000101001,00,00,
000000110000011,00001001100001001100000,001000111101,0011000110,110000100010,01001,000010000,100010,001000111100,1001,1001,1001,00,
01000101100000,0000100111001,001000011100,00110000001,00111000011,0011000100,000111000,0110001100011,0001,0011,01,1001,00,00111000011,
01010001100100,1000100100001001110000001100100,001000111100,10000001100100101,0011000110,100001,00000011,0000000,000110,000110000011,1001,00,0,0,
010000,1000100101,001000111100,0011,10000100000,1011,001001001,01100011,000110,000100,1001,100,001,00,0,
10000001100100,1000100000111101,0000000,1011,0010000100,0010000100,0011000100,01100011,00010,00110000011,1001,1001,00,0,
0000000100010,0000100110000100111000011,001000111100,00110000011,0101100100,000010000,1000000100001,1000010,000110,0001,01110,001,0,00,101,
1001000010000110000001,011001101,00100011110010000111000110,1001,000011000,1000000,1000010,0000000101001,1001,1001,0101100100,00,0,
1000010010000100111,000010,00110000001,001001001,01100,000011001,00010,0000,000110,01,01110,100110,00,0,
0010001101000000,000010011000110011100100,00110000001,00110000011,00100011,000011000,00100011,000011001,0011100100,01110,0001,001,000,00,0,
01000101100100001001000100,001000111101,10,00110000001,11,000011000,10000011,00011,000110,100100110000011,000,,,00,0,
00100011100100,1000000100001,10001001,00110000011,00110000011,00001,00100011,000011000,1000010,1000010,001,001,001000000100,00,
00011001001101,100000001000011100,11001,,00110000011,000010000,00001000011,,,0,00001010,001,1001,00,00,
01010001100100,10000001100011,001000111101,00110000011,000011000,000010000,01100011,1000010,1000010,00000,0000010,1001100111,00100111,
00000011000100,0101100100,001000111101,001000111100,00110000011,000010000,00100011,1000010101,100110,0000000,1001,00,0,0,0,
10001001100100,00001001101100000,001001000100,001000000100,001000111100,0010000100,100010,1000010,100111,00001,011,1001,100,00,0,
11000001100000,1000000100001,0010000100,00110000011,0011000100,000010000,01100011,1000010,1000010,100111,001,001,00,0,
001001001100100,00110101100100,010000,00110000001,0010000100,000011000,01100011,001000001100,1000100,000100,01110,1001,1001,00,,0,01100100,0000110010,1000000100001,0011000100,1011,000100000,01100011,00010,100000,
00100100010011001101,1000000100001,00011000010000,00110000011,000010000,00100011,1000010,000110,000110,1001,101,00,0,0011000110,0,
10010001010001100100,1000100111001,001000000100,0011000000111100100,000011000,000011000,1000100,0000010,00000,010,001,,000,00,
000111000,01110,0000100111001,001001000100,0010000111001001,0011000110,100100,,00000001,1000010,00001,0000010,1001,,101,00,0,
110100100100,000010001100000,001000111100,00110000001,0011000100,000010000,00100
10010000000011,0000000,000001001,0011000001101100011011,0011000100,000,00100001,000110,000,01,1001,0,00,0,010,01100011,00,10000011,00,1000100,10001,1001,00010,,01100011,100000,0,0000010,000010000100010,0,1001,00110000011,1001,
0000110000,01001101,001000111100,10000,0011100100,0011000100,1110001110,100010,0000010,1001,00001,1100,00,00,
0100011101,0000100111001,001000001100,01001,00111000011,0011000100,01100011,1000010,000110,00001,011,1001,000,00,10010000,
000000100000100110100010,00110000011,00111000011,001000001100,001,00100011,1000000,100010,000110,001,000,0001,0,
00000100100100,000011100,000,000010011100100110000011,000011000,000010000101,100111,000110,000110,1001,1001,100,0000111000000010,0,
10001000001000000110010010000011,001000001100,00110000011,001011,000010000,01100011,00011,00001101,00110000011,1001,00,0,
01000101100000,010,001001100,0011000100,0011000100,000010000,10000011,1000010,000110,00001,00000,1001,101,00,
01000101100100,001000001100,001000011100,00110000001,000010011,0011000100,000010000,1000000,100110,00010,00101,1001,000,0,00,
00000001000011000,0000100110000,011,001000000100,0001100100,0011000100,000010000,1000110,1000000,00000,0000010,1001,00,0,10010000,0,
100100010,10001,110010,1000011,00,00100011,001000111100,1000010,000110,,01101,110000,001,0,
00000100110100110101101,11,0010000100,0011000110,000010000,0011,100110,000101000011,01110,010,000,000,0,
100001,000011100,0000000,011,10000,01,0011000100,000110100110,000111000,
00000000,0011010000110000001,00110000011,0011000100,1001,01100011,000010000,100010,00000,000,1001,00,0,
01000101100000,01100011101,1001,0011000100,0000100,01100011,1000010,100110,00001,1001,000110,00,0,
111000000,01000001001101,1000011,00110000001,00110000011,000010000,01100011,100110,000110,0001,001,001,101,00,0,
01010001100100,01100000,0000100111001,000,0010001100100,0011000110,000010000,10000001100100,1000010,00000,0001,01010001100100,001,00,0011000110,
01010001100100,1000100101001,
10000011,100001,100000010000101001,00110000011,000010000,01110,00100011,0000100,10001001,100110,11100,0001000011000,1001,00,0,
00111001000100011,00100100110100011101,00110000011,0010000100,00001000010000011,01010001100100,10001001,01,1001,00001,100,00,01,0,
110000001001,01110,001001000100,00110000001,0010000100,0000110000011,0000010,1000010,00000001,01,001000111101,001,000,00,
000111000,0011,10,011000011001,00110000011,00000,000010000,000011000,0000010,000110,1001,,1001,000,0000,0,
01000101100000000010011,0100100100,0101100100,00111000011,0011000100,0001,10000,0001,100010,01110,1001,000,00,0,
0010001101100100,0010000001001111,00000,00110000011,000011001,00100011,00000011,01100011,00010,01100,1001,100,00,0,
10010000100100000001111100001000111101,0110011100100100,00110000011,000010000,000011000,1000010,0001,1001,01100,1001,00,
1001000010000001001101001,001000001100,11000001100011,1000110,0010000100,000011000,1000110,1001,100110,1001,001,1,00,0,
110000100,01001,1100,00110000011,0011000100,000010000,00100011,
00000001,0110000001001,0110000100,00110000011,
01001,1001,000011100,001000111100,00110000001,001000010001101,00100011,11100001,0000010,100010,01110,001,00,0,10000011,
00000100110000011101,001000111100,00110000001,00110000001,00110001001000010,000000111000011,1100010,00010,01110,00001,0,00,00110000001,
1000000,0011,000011000,011,001001001,0010000100,0011000100,01100011,010000,000100,1000010,11001,001,001000000100,00110000011,001100,
01000001101010,100100,00111000011,01100,0010000100,000110,000011000101,0000010,000110,100110011000110,00,0,0,
10000001100100,001000111101,00001000,001000111100,1101,0011000110,1011,1000100110001101000000100001,00011001,1001,011,00110000001,00,
0101100100100111,100100000010001111,00111000011,00100011,100100,00100011,100010,101,00000,1000110,1001,001,00100110,
00000001100110,0000100111111,001000011100,00110000011,0010000100,000010000,00000011,1000110,00000,0000010,001,10000,00,101,
00100011100100,0000100111111,00100001110010001101000110,1101,000010000,1000000,11000011000100,110000,01110100001,01110,10010000,0001100100,
0100100100,000010011101110111,100,0010000100,001001001,0011000110,1000100,100110,0000000,1001,1001,00,0,11100,
01010001100100,0100000010000100011,1000110,00110000001,000010011,000011000,000011100,1000110,000110,000100,1001,0001,00,0,
010001000,10000001000011011010000000,0,001000111100,01010001100100,11100011,100001011,
1001001000000100001,11001,1000100,01110,110000,0011000110,00100011,001001001101,001001000100,000010011,00001,1001,00111000011,00,0,001,001000011100,1001,100010,00110000001,00001110010000001100100,
100000011001,1000000100001,01000,001001001,10000,00110000011,000010000,010000,01100011,00010,1001,001,1001,00,00,0,
010000110001000010001111001101,001000001100,00111000011,0011000100,000011000,000010000,11,100010,00000,1001,001,00,0,
01000101100000,1000000100001,001000001100,00110000001,001001000100,1000011,01,1000110,00001,00001,1001,1001,00,0,0,
11000001100000,0000100111011100101101,000111000,111000110,0011000110,1000010,10001001,0011000110,100110,1001,00,000010011,
001000111101,1000100100001,001000111101,0011000100,0011000110,000011001,0100101,000010000,100110,1011,01000,1001,00,0,
01111100011,1001000001001,001000111100,100111,00110000011,000111000,1000100,0000010,000110,000110,01000,1001,011,00,
00000101100100,1000000100001,1,00110000011,00110000011,000010000,000010000,11,0,0000,00011,01100100,00,0,1,
01010001100100,00111000011,0000100111001,001000111100,001000111100,0010000100,0011000100,0000100,1000110,000110,000110,1001,001,00,0,0,
000000011000010,0000100111011,001000001100,0000100111001,0010000100,0011000100,,010000,0000010,10010000,0011,01110,1001,00110000011,00,00,
00100011100100,10010000100111,001001000100,0011,0011000100,000100,000011000,00100011,100000,0011000100,00001001101010001100100,00,0,
00000100100,0011101011,0001,00000001,0000,0000000,01100001,01100011,01101,0010001010,000,00,10100010,
000111000,1000100,0000100,011,010,0010000100,11100011,000011100,00000011,1100010,00110000011,001001001000011100,000,000,0,
00000001000100,00101100000,1000100,101,0010000100,000010000,01100000,1000110,1000000,001,1001,00001,00,0,
0100100100,00011001000,00000011,0011000000110000011,0010000100,000011000,10000011,0000000,000110,000110,001,1001,0,000,00,
1000000,1000000100001,1000000,00001100100110000001,0011000100,0011100100,01100011,1000100,0000010,00001,000,1001,00,0,0,0,
10010000100100000,00110000011,00110000011,0011000100,0011000100,00100011,000011000,100010,001,1001,0010100,00,0,
0100100100,100100001011,001000001100,0101100100,0010000100,0011000100,00000,100010,000110,00001,1001,1001,000,00,00001,
1000100100000001,0000100111001001001000100,001001000100,11001,0010000100,000010000,0001100100,1000010,1000000,00010,100110,1100,000,00,
000010011100100,0101100100,001000111101,00110000011,0011000100,0110001100100011,01100011,00100011,1100,01100,1001,00,001000000100,0,
00000001100110,000010011001000001100,0000000,11100,0011000100,000010000,110000,1000110,1000000,000100,01000,1001,0011000011,0001,0,
01100100,10001001101,100001,000100,01100011,0011000110,000010000,1000010,0000000,001,001,0011,00,0,1,
010000,111001101,001000111101,00110000011,0011000100,000010000,00100011,000011001,1000010,00100011,001,001,00,0,
001100011000000001,0000011,001000001100,11100,0010000100,0011000100,0000110001101,0000010,100010,00011,00010,1001,00,
0010000100,10001001000011,0010000100,00110000011,0011000100,000010000,01100011,100110,10001001,,00001,1001,
10010000100100,100110011001,1001,0010000100,0011000100,1000010,01100011,1000100,00001,1001,001,,0,0,0,
001000011100,1000100101101,
000011,0000100111000000100001,0110000100001,00110000001,1011,000010000,100100,0010000100,000110,00011,,1001,000,00110000011,000,
01010001100100,100010001101,010100011001001000110,00110000001,00110000011,
00000011100100,010010000100111001,1000110,00110000001,011,001000011100,01100,1000010,0000010,00001101,001,1001,00,00,0,
00000001100110,01101,001000111100,000011001,001000011100,0011000110,000010000,11,1000110,00010,100,100,00,00110000011,
01000000000011,0100111001,001000111100,00110000001,0000100111001,0000100,000111000,00000011,1000100101001,1000011,01100,001010,100,00,00000011,10000001100100,01100000,101,000011000,01110,00110000011,01,10000011,1100,
0000010,0,00111001001000110,1000010,001001001,001100010001001,11,11,000110,00101000,1001,100,00,0,
01000001101010,000011000,000100,00110000001,000111000,1101,11100011,00000001,100110,00000,000111000,01110,001001001,0011000100,0,
01000110000100001,10010101100000,001000000100,00110000011,0011100100,01100011,00100011,1000010,000010,000110,100010,1,001001001,
10,100010011001,100000,00110000011,0011000100,000010000,00100011,00100011,100010,00000,1000011,00,000,101
10010001100000,000010011000011100,001000001100,00110000001011,00110000001,011,0101100100,0000010,01100,1001,1001,1001,,00,0,1,
00000001100110,0000100111000000100001,001000111100,0011000110,0010000100,000010000,01010001100100,00000011,1000000,000100,01110,1001,,000,00,0,
00000101100100,1000000111001,001000111100,01001,0011000110,000010000,000010000,01100001,00100001010,1001,001,01100000,00,000,
00000011100100,0100011010100011101,0011000100,01100011000010000,11100011,1000110,00100011,00000,01000,1001,101,00,0,
10000001100000,10001,10000011,00111000011,00110000011,000010000,000010000,1000010,100010,00000,001,001,00,0,
01101010,001001000100,001000111101,00110000011,00110000001,000010000,00100011,001000111101,100010,001,00001000,1001,,0,00,
10000001100100,000001001,01101,0101100100,0011000110,0010000100,000010000,00110000011,100010,00000,1001,00010,00,101,001000001100,
00000101100100,1000000100000010010000001100100,100,001001001000010000,0011000100,000011100,01100011,01100011,000100100110,01,1001,0,0011000100,0,
0110000001100100,1000010011001,001000111100,00110000011,0011000110,,100,1000010,001,000010,1001,00,0,
001000110100100100,1000000100001,001000111100,00110000001,011,0011000100,000011100,00000001,1100010,0001,01100,1001,000,00,0,
1100001101,00001001101001,001000001100,00110000011,011,0010000100,,00011100000,000110,00001,1001,100,,,0,
1111,1000000100001,001000011100,00110000011,000,000010000,00100011,000011100,100010,
000001001000001110010000000011000,0101100100,11,0100,001100000001,000010000,00000011,000110,00001,1001000,00,0,
0100001000000,00110000001101000011100101,00110000011,0011000100,0010000100,0000110000,0000010,000110,10,000010011,1001,00,00,
1,1000100,0000100011,001000111100,10000011,001000111101,0101100100,111000101001,110000,001,01,001,00,0,0,010,001001000100,00000,01100,0011100100000011000,00110000001
000011001,0100100011101000,11100010,0011000110,0011000110,000011000,0000011000100,0011,1001,1001,101,00,0,
00000100100011000000101001,1000110,00110000001,011,100111,000011001,1000110,11000101001,1001,010,11100,0,0,0,00111000011,0000000,
010010,1000100,001000111101,000010000,00110000001,000010000,000010000,000011000,100010,010,00,00010,001,00,
010000010000,01001,1000011,00110000011,0011000100,000010000,00100011,00001,100010,00000,001,000110,001,000,
10010001010001100100,100010010001,001000001100,10000,0010000100,0011100100,000011000,1000110,100110,00001,1001,001,00,0,
000001000000,00000011,001001000100,001000000100,001001000100,000010000000010000,11,0000000,00100100,00110000001,01100000,100,000110,000,0,0,10001001,0000100,100010,000011001,1000011,1000000,
01010001100100,000111000,000,00011101,00110000011,0010000100,000010000,01100011,100010,00000,001,1001,00,0,
00000011100100,001000001100,01010001100100,001000111100,00110000001,1001,0100,00000011,100010,000110,100110,,1001,000,00,0,
01010001100100,100010000110000011,001000111101,10000001100100,0011000110,000010000,000010000,1000010,100010,00000,001,001,00,0,
001000111000011,0000100111011,001000001100,0110000101,100001,0011000110,01100100,00000011,000110,1001,001,00,01000110,0,0,
10000001100100,0000010,0000100111001,0010000110000011,0011000100,000011000,010,000110,001000111101,000110,00111000011,001,00,00000011,
10010000100000011100,100101101100011,001000000100,00110000011,1000010,00100011,01100,1000010,00000,001001001,000010000,00110000011,0000000,00,
01010001100100,0001100011,001000111100,00110000011,100011,000011000,000011000,01100011,1000010,100010,00110000011,1001,1001,00,0,000011001100011000011,1000010,0,010,00111000011,00100011,000111000,100110,0,1001,
00100011100,000100,01000,00100011110010100000011,000011001,001000111000011,000011000,000010000,000011000,001001001,1001,01,00,0,
01000101100000,0000100111001,0010000100,10101100111,0001,1000000,0000000,00101100000,1001,
11000001100000,1000000100001,001000111101,01101,0011,000010000,00100011,1000010,0000100111001,0000010,1001,100,00,0,0,
10010000011,01001000,01000,00111000011,0010000100,000011000,000011000,1000110,0000010,000010,000110,1001,00,00,0,
1001000110,0000100111001,0000000,001000011100,00100011,10001001,000111000,1000110,1000010,00000,000110,00001,00010,00,
0000000110000011,1110001100000001000000100,00110000011,00110000001,000010000,100100,10000011,0000010,001100001,00001,1001,000,00,0,
01010001100100,001000011100,0000100111001,001000111100,1000100,000100,0011000100,11100011,1000010,1000010,000100,1001,1001,01010001100100,00,0,
1,00111000011,0000100111001,001000111100,001000000100,0011000100,01,11100011,1000010,1000100,000100,00110000011,010,100,00,0,
0000001000001100,00001001100100011,0000010,01100,100110,0011000100,000011100,1000110,1000000,00001,0011100100,100,000,00,0,
00000011100100,01001,00110000001,00110000011,0011000110,01100011,000010000,1000010,100010,1001,00101100100,1001,001,00,0,
00100011100100,000010011000011000110000,0011,10000,0011000110,100001,0000000,100111,0000010,1000100,01110,001,100111,00,
10010000100100,10011000011,00110000011,001000111100,1001,100,01100011,10010000000010000,001,1001,1001,00,0,0,
01100100,000010011100001,001000111101,00110000011,001100010001,0011100100,01100011,01100011,1000010,000110,00010,001,00,00,11000110,
000010000001100100100101101,001000111100,0000100111001,001000011100,0011000100,001000111101,00000,1000011,01010001100100,1001,11100,001,00,1,
1001000010010011001,001000001100,00110000011,0011000100,001000001100,
11000001100000,0001100100,00100011,01100,0011000100,0011000100,00100011,1000010,100110,01,0011000100,001,00,0,0,
1100000000000,1000000100001,01100000,100110,00110000011,0011000110,0000010,10000011,100010,1000100,00001,001,000,101,00,0,
1100000000010,1000000100001,000100,0000010,00110000001,,,10,100001,100010,000110,1000011,,1001,,101,01000110,0,
0000100100,10001001010,001000001100,00110000011,0000111001001,000010000,1000110,00000,000011001100100,1001,001,100,00,0,
10000001100100,00000001110001,01101,001001000100,0000,0010000100,0000110000,00010,000110,010,01,00,0,0,
1000011100011,0011000100,000010000,00110000011,01110,000010000,01100011,01100000,100010,00100,100010,00,00,0,
00000001010,11100011100100100001000000100,00110000001,000010000,00100011,100,1000110,11100011,1001,00010,00,0,0,
0100000110100001000100000010000100100110101001,00110001100101100100,0011000100,000011001,000010000,0000010,00001101,1000011,001,00,11001,0011,
1000000110000011,
00001100,100110011001,1000000100001,00110000011,0011000100,000011100,1000100,000110,100010,1000010,1001,00,0,0,
0100000101100100001001001000010000,110000,00110000011,0011000100,0010000100,000010000,0011000110,1000010,
00000101100100,01010001100100,01100001011,00110000011,011,0000110001100,000010000,100010,0000010,00101,1001,1001,000,00,
0110101100001,000010011110100011,00100000010011,0011,0011000110,100100,01101,000110,100,1001,001,00,1,
000001001,01001,100,001000111100,00110000011,000010000,00100011,1000010,100010,00000,100010,1001,001000,00,0,
0001100011,00001001101101,001001000100,110001001,000111000,000010000,11,00001,000110,00011,1001,00,00,00,0,
100010011000100,00000011000,001000001100,101,0011000100,000011000,00011100001100000,0000010,00000,0001100100,0010000100,1001,00,00110000001,
