10010001100100,0000000101101,001000001100,00110000011,0011000100,000011000,00100011,1000010,100010,00011,1001,101,00,0,
00000001100110,0000100111011,001000011100,00110000001,0011000100,000010000,10000011,1000010,000110,01110,1001,100,00,0,
00000001100110,0000000101001,001000100100,00110000011,0010000100,000111000,00000011,1000110,000110,01111,1001,001,00,1,
01010001101000,0000100111011,011000011100,00110000001,0011000110,000010000,10000011,0000010,100010,01010,1001,000,00,0,
00000011101110,0000100111011,001000001100,00110000001,0011000100,000011000,10000011,1000010,000100,01010,1001,100,00,0,
01000001001100,0000100101011,001000001100,00110000011,0011000100,000011000,00000011,1000010,101110,01010,1001,001,00,0,
10010001100100,0000000101101,001000000100,00111000011,0011000100,000011101,00000011,1000000,100010,00011,0001,101,00,1,
01000001101100,0000100011011,001000011100,00111000011,0011000100,000010000,00000011,1000000,100110,01010,1001,010,00,0,
10000000100111,1000000001101,001000001100,10110000011,0011000110,000011001,00100011,0000000,000110,00011,0001,001,10,0,
11001001100101,0001000001001,001000000100,00110000011,0011000100,000011000,00100011,1000010,100110,00011,1001,001,00,0,
01011001100000,0000100101011,011000000100,00110000011,0011000100,000111000,00000011,1000010,100010,01010,1001,001,00,0,
10010001101100,0100100111011,001000001100,00110100011,0011000100,000011000,00000001,1100000,100000,00010,1001,100,00,0,
01010001001000,0000100111001,011000001100,00110000011,0011000100,000011000,01100011,1000010,101010,01000,1001,000,00,0,
10010001100101,1001000011101,001000000100,00110000011,0011000110,000011000,01100011,0000010,100010,00001,1001,000,00,0,
00010000110100,0000100110011,001000001100,00110000011,0011100100,000011000,00000011,1000010,100010,10010,1101,100,00,0,
01001011100000,0000100101011,001001000100,00110000001,0011000100,000111001,10000011,1100010,000100,01010,0001,001,00,0,
01100001100100,0000100001011,001000100100,00111100011,0011000100,000111001,00000011,1000000,000100,01010,0001,011,00,0,
00011101101000,0000100001001,001000000100,00110000011,1011000110,000011100,01101011,0000010,000010,01000,1001,001,00,0,
01100001100000,0001100101011,001001100100,00111100011,0010000100,000111001,00000011,1000100,000100,00010,0001,001,00,0,
00010101101000,0000100101001,001000000100,00111000011,1011001100,000011101,01100011,1000000,000010,01000,0001,001,00,0,
0001000000010,0000100101011,001000001100,00110000011,0011000100,010,000011000,01100011,1000010,1001,1001,000110,001,00,0000100,
00000011101110,100010,001000001100,001000001100,00110000011,0011000100,
10010001100100,01010,0011100,001001,00110000011,00,00011,1001,0001,10000101100010,01010,000110,001,00,0,0,
0110001101001,0000100111011,10,001000000100,00110000001,0011000110,000111000,000011000,100100011,1000010,100000,1001,001,100,0,0,
01000001110001001000,1100100110,01100,000011101,00011,000010000,100010,1000010,01000,0,01000,101,
000010100111,100100011001000001100,001,00110000011,00110000011,0011000100,00111000011,100100011,01011,00110000011,00,0011000100,0000100,0,0000100,
010000011100110,0110001101000011100100011001,
000011100,000011101,
10010001100100,01100001,00011011,010000011000011000,100010,0010000100,0010000100,000011101100100,000111001,0000101000010,0000000100010,0,0,
10010001100001000000000101101,00001001011,001000001100,00111100011,000011000,0011000100,,00000011,1001,0111001,01000,1001,100,00,0,
000000010,010010011011,001000001100,00110100011,00000011,000011000,000110,1000100,,0011,0001,100000,00,
00000001100110,0000001001,001000001100,001000011100,00110000011,0011,000111000,00000011,1100010,1100010,1001,1001,0000100111011,0,000111000,
010010011101,0010000100011011,10011,1001100,0011000100,0,001001,000010000,1000010,1011,1001,00111100011,00,0,00100011,0011000110,0000100,,,00001,
0011011001100000,0000100111001,001000001100,00111100011,00110100011,100010,100010,00011100010,000110,01000,1001,00,
10000000100111,10000000011000100,1000000,00001001,001000001100,000010000,000011000,100110,1000010,01010,0000100101011,,,00,0,10,
01001100010,0100100111011,001000001100,00110000011,0011000100,0011000110,000011000,1100010,1100000,1000000,1001,0101001100,001,0,0,
01000001001100,0000100101011,001000001100,01001,000,11,101,1000010,1000000,,0,1001,00,10010011,
001000100100101110,0000100011011,0100011,00110000011,000011100,000111000,1000010,1000010,000100,101110,1001,0001,00,0,0,
0001,0000100011100101000,001100010000100011100000,1000100,1000010,00000001,1000010,000100,1000001100001,1101,00,
00011101101000,10000000011,01,01001,0000010,01000,1000010,101110,000100,01010,10000011,1001,00,0,
00011101101000,00001000001010,001000000100,00110000011,01001,000111001,000100,00100011,1000,101110,01101,001,
01000001,1001100000,0000100101011,0011000100,00000001,1101,00111100011,000011100,1100000,0000,101,1000100,01000,01000,0,0,000010000,1001,,011001,100,
01011001100,0000100101011,00111000011,0011000100,00111100011,100000,1000000,100010,0000100111011,0,101,00,0,
10010001100100,0000000101101,00110000011,00111000011,0011000100,0010000100,1100010,1000000,100010,1100000,10110001101011,000110,001,0,0,0,
0110000101000001101100,1011,010000011,01100001,0011000100,0011000110,001000001100,1000010,100010,01010,1001,001,00,
00011101101000,0000100001001,001000001100,00110000011,00111001,000111001,0100000010000,000100,01010,100,0011101100100,00,0,
01011001100000,1000,0001010011,00110000011,0011000100,000111001,01011,1000000,000100,01010,001,011,000011100,0,
01010001001000,0000100111001,000100,01001,00110000011,000,1001,01100011,1001,000010,01000,1001,10,1001,0,
1101100000,100101000111100,00000001100110,001,0011000100,0011000100,000011000,000100,1000010,,,011,0011000100,0001,0011100,0,0,
10010001100100,1000,000010,011001,0011000100,101100011,0000000101101,000100,00011,00011,1001,001001,001011,00,0,0,
0100111,1000000,0011000,001000001100,0010000100,00100011,000011101,1000110,000010,1000,01100011,00,0011,00,0,
01011001001,,00001001000001100,00110000011,1000100,00100011,01001,100010,000110,0000000101101,00001,01000,1,
011000011001001001,010000011011,0010000011000000100,001111000110000100,1001100,1000010,0000010,1000010,01010,100,000,00,0,
0110000010010110010111000,10100011,1011000110,00010,100010,101101100,0100110010,001,0,00,
10010001100100,010000011,1001000011000100,001000000100,1000110,000111000,101100011,00010,0011000110,01000,00001,0100000,010000100,
10010001000,000010000100100011,0100000110011100,0011000100,100100011,01010,00000011,1001100,10010001100100,00010,1101,1,00,0,
01100001100100,000010,000,001000100100,00110000011,0011000100,000111001,01100,0000000101101,01010,000,001,000100,00,
10010001101011,000010010000100,10011,00111100011,0011000100,000010000,00000011,1000000,000111001,0000010,1001,000,00,0,
10011,0000100101100011010,1000110,0011000110,010011,
10010001100100,001000011100,001000000100,001000001100,0011000100,000010000,001001,1000010,1001,00011,01100110000011,00,001,00,0,
01000001001100,1000100,101100011,001000100100,1001,0011000100,000111001,00000011,00100011,0,00010,0001,0011000100,00,0,
0110000111000001001,0110001101100,001000011100,100110,1100,00001,1000100,01100011,000100,10000011,100,100,000110101110,0,0,001001,1000110,,1,1001,001000011100,00111000011,
0100011001100000,1000000010,10000011,00110000011,0011000100,1001100,00000011,1000010,100010,01010,0001,001,00,00010,0,
100000000001100110,0000001000100100,010011,0011000100,0000010,0000,1000010,100010,0100011,0001,101,001,1,0,0,
101100011100,0000011000011100001,001000001100,00111100011,000100,100100,000110,100010,1001,,101100011,,0,00,0,
0100100010000000101101100110011010000011,00001000011000100,100000011100100,0011101,100010,1100000,1001,100010,00,0010000100,01100,0,
00000001100110,0000100111011,001000001100,1100010,0011000100,00000001100110,01000110,000011000,1100,0000010,00010,1001,10000011,00,0,
10000101001,0011000100,101100011,00110000001,1001,000011000,00000011,0010001101,1001,100000,101,1001,10,00,
01000001101100,00001000111001,001000011100,00111000011,0011100000,0000100111011,1100010,1001100,0000,101,01000,1000110,00,00,000100,01000,100100,,000111000,
100000001100111100011,001000001100,00111000011,0011000100,00111000011,00000011,1011000100,10,0000,01010,101100011,00,001,00,0,0,
00010011100001101100,00111000000000101101,001000001100,0010011,0010000100,00,100010,010000011,100010,001000011100,00,
00000001100110,00000001,010011101110,
11,0100,
10000000100111,1000000001110010001100100,001000001100,000011000,000,0011,1001,10,0001,10011,01000,,1001,00,
01001011100000,0000100101011,100010,00110100011,0011000100,000111001,10000011,1000000,1100010,01010,000100,001,00000001100110,0,
0100100,000010000100111001,001000001100,00111000011,0011000100100010,0000100,101,1000100,0001,0011000100,00,000,
00000001100110,0,01100,10000,000111000,0100011,00000011,00111000011,000110,10000011,011010,000110,001,00,001,0,
00110011100011,00000001011,00000001010,0010000100,100000,000010010101100001001010111001,0000100101011,0000100101011,00010,000010,00011,00,0,
0001100001001000010011,101100011000111001,01,00110000011,0011000110,0011000100,1000010,000011101,00100011,01010,,0001,,00,00,100010,
01100001100000,00011000010,0000010,0011000100,000011101,10000011,000011000,01011,1101,100010,00100,1001,001,
01000001110111000000001100110,0000100101011,001001000100,00000011,0011000100,101110,1000010,101110,01010,1100010,000110,001,0,
01000001101100,1100100000,0010000011,00111100011,100100,00001001,00000011,0000010,000010000,1001,0001,001,0,
1011101001010,0100101011011100100011,0011000110,0011000100,101110,00000011,100100011,1000010,0000010,001,100,1001,0,10,
000100010000011,00001000110110010001100001,000111001,0011000100,000111001,10000011,00001,01010,,10011000010,00110000,
010000110000011,0000100111000010,001000001100,00110000011,10000011,0011000100,0011100,000100,1100010,01011,011,00000001100110,00,
01011,0000100101011,00000001,00111000011,0011000100,000010000,0010000100,011,100010,,100010,000010000,100,00,00,
10010001100100,0000000101101,0010000011001001,001000001100,00110000011,100110,10000,000011000,101110,1011,1000010,0001,00010,00,0,0,
00011101101000,10011,0010011,00111000011,10000011,00110000011,0100,000001000000011,011,10010,101100011,00,
010000011001000001100,0000100111011,0011101,00110001101000010,000011000,1001,1001,00000011,1000010,1001,10010,1001,00,0,
1001000110000010,00000001100110,001000001100,1001100,0011000100,000011000,1000010,000011000,00100011,1000010,1001,100,00,0,001,01000,
00000001100110,00111100011,100100,00110000001,0011000100,0,000011100,10000011,0001,00100011,1000010,101,000010,100,000,010,0,
010010000000001,010000011,00110000011,0011000100,000010000,100,1000010,1000110,00011,1001,00010,00,1,00,0,
010011100011,001000000100,00111000011,0010001100,
10010001100100,0000000101101,001000001100,00110000011,0011000100010010110000011,00110000011,000011001,011000011100,00100011,0,001,0001,0,0,
000010100101000,001000011100,100110,1001,101100011,101110,000011000,00000001,0011,1001,00111000011,0001,0000100,00,00,
00000001100110,00001011,001000001100,1001,00110000011,0011000100,00000011,000110,0000010,0000010,0,1001,
00001001011001100000,0000100101011,1011,0011000100,000110,1100000,000111001,1000110,00011,0001,00010,0100,001000001100,0001,0,
100000000010100,10000000011,00000001100110,00110000001,000011101,000111001,1000010,00100011,01100,001000100100,0001,00011,0001,00,
01010001001000,0000100111001,01110101100,0011000110,1001,000011000,0000010,01001,1011,00,1001,
11001001100101,0011000100,00110000001,001000000100,0011000100,0011101,0000110001000110,1000010,00000011,,00,100,001,0,101,
000111001101110,00000011001,001000000100,00110000011,100100,000011000,000011000,1000000,01011,01010,00001,,001,00,00,
000111001,01100101,1001,
01100001100100,01000,10011,001000000100,0011000100,1011000111000010,000011100,01101011,100010,101,1001,,0000,000,0,
0110011,10010100111001,000010011000100,100,00100011,011,100010,100110,001,11,00011,001,
0000100111011,0011000110,001000000100,00111000011,0011000100,000011101,000011101,000111001,100010,000110,0001,101,00,100100011,
0100100111,000010001100,010000011,001,000111001,000010,00000001100110,01001,1001,0011000100,00,1001,0,0,011,01001,,1001,101,101110,001000000100,
000101110,0000100101011,011,00110000001,1001,00110000001,100,1000010,100000,000100,0011000100,1001,,00,0,00100011,
00000001100110,1100010,001000001100,01100,100010,0011,0011000100,1000010,001000000100,101110,100010,000100,100100,1,
01010001001000,10010001100100,0001110000011,00110000011,100100,0011000110,01100011,0000010,100110,100100,000110,100100,0,00,00000001100110,
0000001110000110000100111011,0000100111001,001000001100,000,0011000100,000010000,00000011,1100010,01,01010,1100,010,0,0,
1000010,000,1100010,001,0011000100,0100011,,00000001,00111000011,00100011,000100,100110010,00,00,0,
0110001101000000100,100000,0000010,01100,010,10000011,000011000,100010,00100011,00001101,010,001001,101110,0,
10010001100100,1000000,00110000011,00110000001,1001,001001,00100011,00,100010,00011,1001,101,00110000011001000011100,0,00,101,0,000010,1001,001001,
10010001100100,0000
1000001101100,01001001101011,001000001100,000011000,0011000100,000111001,000011000,1100010,00010,1001,,0,100,00,0,0,
01001001100,001000000100,001000001100,00000011,100110,0011000110,0011000100,,100010,,00010,1001,,00,0,00,001000011100,
01000001001100,0000100101011,1101,001000001100,00111000011,0011000100,000111001,00000011,101110,011,1001,01000,1001,00,0,00001,
01010,00,0011000100,00000001011011001,0010000100,0010000100,000011000,000110,01100001,0111001,100,101100011,00,0,1000110,
01011001100000,001000100100,000010011,0100000111000,0011000100,0011000110,10000011,100110,100010,01010,0000100101011,000,00,0,
1000000000111000,0000100101011001000111001,1000000,100100,101110,0000100,00000011,01100011,000100,010011,000100,001,0001,00,
01100001100000,1,010011,001000000100,00111100011,00110000011,1011101001,00000001,0100000111000000,1001,00,00,00,000010,
11,0000000101101,1001,010011,001000001100,000011101,00100011,1000010,100010,00011,0,101,0000100,100,
011001100100000,00000001011011000100,01,00110000011,0011000100,
00000001100110,000001010,001000001100,010000011,001000000100,0011100010,1001,100010,000011101,1001,10,0,101,000,
0110110000000101101,001000001100,00110000011,0011000100,0010000100,01100011,000011000,011001,100010,000010,100,00010,00,0,
0000100100100011000011101,001000110011101,00110000001,001000000100,0011000100,000111001,00000011,10000001000100,01000,,1001,000100,00,0,001000011100,0,
01100001100100,00001000011000100,0010010011101,0000100111011,01000,000011100,00000011,1000010,10000101001,100,010000011,0,0,
010010000011010011,10010001111,0011000110,000011001,000111001,000011000,1000010,000100,00001,00011,00000001,0011100,0,10,0,
1000010,1001,001000011100,001000100100,0011000100,100,001000000100,1000010,100010,00001,001,01100011,00,00010,
110101100,,1001,00111000011,0011000100,000011101,10000011,1000010,00000011,1100000,00000001,101,00011,1,0001,0,
0100100110100,00001001110011100000,010000011,000011000,00111100011,0000,100010,0001,0000100101011,100100,00,1,000,0,0,
00111001100,0000100111011,001000001100,00001001,0011000100,000011000,00000011,1000010,0000010,1000010,1001,101,00,
11001101000011100,000011100,0011010,00010,0011000100,
01001010,01,1001,001000000100,00111000011,0011000100,0011000100,1001001,00011,0100010011,0000100,001,001,001,000111000,
0000111001000010,00110000001,001000001100,001000000100,00110000011,000011000,01011000011000,10,,101,1001,10011000010,0,
0101100011000000000011001011,1000000100010,100100,0,01100001,00000001,0000010,100,101,01000,0110011000100,001000100100,0,0,0011000110,00110000011,0011000100,0,
0000000110011010,101001,0011000110,0011100100011,0011000100,101100011,00011,1000010,000100,1001,0001,011,00,0,01100011001,1,01010,,011,0100000,100111001,001001,001,0,1,001000000100,0,1001,00,000110,,100100110000100,1001,,000111000,
10010001100100,1100,001000011100,001000100100,0011000100,001000000100,10000011,1000010,1000110,00011,1001,00010,00,1001,
0000100111011,0000100111011,000010011,0010000100,1101,00000001100110,1001100,
1000010,0100,001000000100,1000,0011000100,000011101,00000011,0,000110,010011,0001,00010,011001,100,
10000000100110000001000000100,10,001000011100,00111100011,0011000110,000010,00110000011,100100011,00010,00110000011001,,01100011,0,00,
10010001100100,00001,001000000100,00110000011,001000001100,0010000100,01100011,000111001,00000001,1100000,0000100101011,1001,010011,001,100110,00,
01010001000100011,10010001011,01100000011000110,00001100000110000011,000011000,00000011,0000100111011,1001,001,1001,00,
11000101000110000010001,00010010010011,00111000011,0011000100,000010000,00000011,0011,001000001100,001100010010011,1000000,00000011,
10010001100101,00110000011,000010010001001,101110,0011000100,00010000100,00000001,000100,0000000101101,100,1101,00,0,
1001000110001,0100100111011,001000001100,00110000011,0011000100,00000011,010011,1000010,01010,01010,011,01010,00,1000010,
0000100011,0000100101011,1000001100101,00111000011,0011000100,000111000,00000011,1000000,000100000,10011001,0011000100,000011000,00,
10010001100100,0000000101101,001000001100,00110000011,0011000100,000011101,00100011,0000010,00000001,1000010,1001,101,00,00,,
0100011,0000000101101,001000001100,00111000011,100100,000011101,1001,000011000,00000011,00100011,100010,0011000100,00110000001,000011101,
100000000100000110,1000000,01100,0011000110,00001,1000010,00110000001,100010,010000011,000100,100110001001000010,001,
1001000110010001010,001,011,001000001100,00111000011,0011000100,0011000100,000011000,01010,100110,1001,0001,1101,00,0,100010,0,00000001,,,0011000100,101001,10,000100,000010000,0000,
10000000100111011100110000100101011,000011000,00111000011,0011000100,0011000100,00000011,0000010,001001,01010,1001,010,00,0,0,0,
10010001100100,0000000101101,001000001100,0011000100,0011000100,000111001,0011000100,1000010,100010,00011,1001,1000110,00,00,
00000001100110,0000
010111001,01,000000101001,000,000011000,001101,01001011,010011,1000110,100,00,100,00,01011,
100100000011100,0000100111011,000010011,00110000001,00110000011,000011000,0011100,000011000,0000010,01010,1001,0001,001,100,0,0011000110,0,00100011,,,00001001110111000010,,
010000011001000000100,010010011001000001100,0011000100,00110000011,0011000100,000010000,0000001101010,1000010,1001,,001,11,0,
10010001100100,0000000101101,001000001100,0011101,000100,000011101,00001,1000010,100010,1000010,0000100,000111001,00011,100010000011,001,0,0,
10010001100100,0000100101011,001000000100,01100,0011000100,000011101,0011000100,000011000,1000110,0000010,100000,000,0001,100,000000100,0,
1000110001,01,1100,
01000001101100,000010001100000011,1100,00110000011,0011000100,0011000110,1000010,0011000100,1000010,01010,1001,000100,00,1,
0110000111001001100101001,0010011001,0011101,0010000100,01100001,0000100001,00001001001,0001,00010,00,0,
01001001100010,0100000111000010,001000000100,0011000100,00100000010010010001100100,000,100010,00011,00001000010,100110,100000,00,0,0,
0011101,0000001000000100,00110000001,001000100100,00111100011,0011000100,000111000,00000011,1000010,001000100100,,1001,1001,1001,
01001011010,00001000010000100000,0011000100,00000001,00000011,10,000010,1000100,0000100101011,101,010000011,0000100111011,00,0,0,
01100001011001001,000110,110000010000011,000000011001,0010000100,001000011100,000110,1000110,01000,101,1100000,1,00,
010000000000100100011,0011010001100101,0011010,00110000011,00000011,110000000001100000000101001,00011,100,00,00,001001,0,
10010001100100,0000000101101,001000001100,00110000011,100100011,000010000,00100011,1000010,100010,001,0001,101,0000010,000111000,
000010010011000010010101100011001011,001000000100,00110000011,1011000110,1101,100010,100000010,000111000,100,001,00,00,001000100100,0,
010001001110001000,00111000011,0011000100,000011101,00000011,010000011,0100,00011,0001,101,000010011,,00,
000100101110000000010,101,01001110000001000001100,0011000100,10000011,10000,1100010,000100,00000011,000011000,000111000,00,0,000,
01011001000010011,0000100101011,01100,0011000100,00100011,1001,1000010,100010,00011,1001,1100,00,0,
0101000100100010000110010011101,001000011100,0000000101101,0011000100,000111001,000011101,0000010,000100,01010,100,000111000,00,0,
01011001001,101000,001000001100,00111100011,00110000011,000011000,000011000,01100011,01010,10010,000,11,000,
1001000110010000,000100011,00110000001,0011000100,00110000001,0000100111011,000011000,100010,001,1100,0,1001,0,
01000111010010001,00000001100110,
01100001100100,0000100101011011000,0010010011,00111100011,00110000011,000011000,000100,100,011100101,01000,0000010011,1100010,
1001000110010000010,0100011,001000001100,000011000,1001,0011000100,1001,0000100010,,1000010,0011000100,100,1101,0,0,0,
00000001100110,0000100111011,0100000011001,001000001100,
001000100100100010,1011101000001001,001000011100,00111100011,0011000100,100110,00000011,1000000,000100,01010,00,00,00,0100011,
00010001100,00,10011,001000000100,00111000011,0011000100,0011000100,000011000,1000000,010100010000100,,0001,0100000,011,00,0,
0110000101100101,110001010010,0011000100,011001,000010000,000,00000011,00010010,01010,0001,1100000,00,0,
01000001001100,0000100101011,001000001100,00111001,100,00100011,1000000,01101011,0010000100,0100011,0001,00010,00,0,0,
111001,10110001111001001,001000000100,1001100,0000100,0011000100,000011000,010,1000010,00001,0000100101011,001,001,001,0,
01000001001100,0000100101011,001000001100,00110000011,0011000100,000011000,00000011,000111001,1000010,1000010,0011000100,1001,00011,0,1,
01100001100000,00011001011,11,00111100011,0011000100,000111001,00000011,100000,0000010,1001,1001,001000100100,00,001000011100,0,
0100101001,0000100111011100000011,0000000111000,0011000100,0010000100,000010000,0110000100100000110001,100010,00010,01000,001,
000000010110110011001010000011,10110001100001,1001101000010,011,0011000100,000111000,0100,000100,01010,000,100110011,00,0,
0000001100110100,00001001011001100000,0011000100,100100011,000111000,000111001,01011,00011,0000000101101,00110000001,10010,00,
010000011011000011010,0010000100,001000011100,01100001,10011,1100,0001001,1101,100010,00010,1001,1001,100,00,
000111001100110010001100100,001000000100,001000001100,00111100011,00110000011,000111000,0011000100,1000000,1000010,0000100101011,100,1000010,1001,000010000,
00011101101000,10011,000,0011000100,101100011,1001100,0010000100,0000,1100000,1001,00010,00,1001,
10010001101100,0100100110011101,010000011,000011000,000011000,000011000,000011000,01011,0011,01010,1000010,00110000011,0,0,
10010001100100,100110,1001001001,001001000,00100011,00100011,0000000,01100011,000100,000011100,101100011,001,00010,0,0,0,
10010001100100,00001001110110,011,010000011,100100,0011000100,001000011100,00000011,1000000,000111001,01010,0001,00000011,101,000010011,
10010001100100,1000000,001000000100,00110000011,0011000100,100011,0000100101011,000011000,000100,00100011,100000,00010,0001,1000100,00,0,
01100001100100,000000,01100,0011000100,00111100011,000010000,,00000011,0000010,0011,01010,100,001,00,00,
100010000011100,0000100111011,10111000001001,001000000100,00110000011,0011000110,00110000011,1000000,000100,100,100,1001,00,
10010001100101,10010010010001100100,001000100100,01100011,0011000110,0100011,0000101010,,100010,000010,100,00,0,0,0,
01100001100100011001,1000,1000,001001,0010000100,00100011,000011100,0000100,0010000100,0000,01010,01000,010000011,
100100100100,00001000110000,0011000110,011001,0011000100,000111001,000011101,1000000,01010,01100,0001,1101,00,11,10,
100100011000010011101101001,00000011,00110000001,0011000110,00000001,000010000,00000001,0001,0001,011,101,00,0000,1000110,001,
1001101011,010001001011,01,00110000011,0010000100,101110,1000000,1000000,1000010,00001,0100,000010,00,0,0,
10010001100100,0000000101101,001000001100,0100,0011000100,0000,00100011,1000010,
00011101101000,000111000,00,0000100111011,000010000,00100011,000011100,1001,10000100100000,01010,000110,1001,001,1,
01000001101100,0000100111011,001000001100,00110000011,0011000100,000011000,0011100,1000010,1000000,100110,01010,00010,1001,11,
010010000100110011,0000100101011,00100000011101,0001,0011000100,000111001,001001,0000010,000100,1001,0000100101011,0001,0,
110000001001,000011000,001000001100,0110011001,000011000,1001,1000010,100110,00100011,1001,00010,,000,00,000,0,
00000001011,00001000011001,001000100100,0011000100,0011000100,000111001,0001110001001,10010001100100,0001,0001,,1001,001,00,
001000010000100011001,1000000011,01,000010011,0000100,0011000100,10010001100100,1000000,100010,01010,1001,,,1011,,
01011001001100110000001,001000001100,
000010011,0011100000,01011,001000001100,11,0011000100,11,00000011,1000000,000100,01010,,1001,1001,1000010,100000,1000010,00110000011,00110000011,,10000,001000001100,
01100001000010011,01,001000000100,0011000110,00110000011,0100000100011,000011000,00000011,01010,01000,1001000111001,1001,00,01100011,0,
101101000,001000001100,1100000,0011000110,00110000011,0011000100,000011000,1000010,101110,01010,1001,100,001,00,0,
10010001100100,0000000101101,0000000101101,01100,0011000100,00001,10000011,000011100,100010,00011,1001,000011000,01000,0,00,0,0,
10010001100100,00000001011011001010000011,00110000001,0011000100,0010000100,000111000,000011100,00000011,00011,01100110000011,100,00,000110,00,
10010001111000000100,10001100111000011,001000000100,00110000001,001101010,1000010,00000001,1100000,100000,01011,0001,0000100101011,
001000001100,0000000101101,001000001100,100000,0011000100,100010,01100,000111001,100010,11,100010,00010,00,0,
00000001100110,000000110000001,1011,000111000,001110000111001,0011000100,000011100,00000011,010,100,00010,
100001001100101,1011000100,001000001100,101,00100011,00011,00000001,0000010,000100,100010,000010,000101100,0000000101101,
01000001001100,00001000110000100101011,01,0011000100,00,010,001000000100,1000000,1000101101,,0001,,001,10,00,
10010001101100,01000,00110000001,001000000100,00111100011,0011000100,000010,00000011,01100011,00000001000,010,1101,1001,,00,0,
0001101110011,000011000,000010011,0011000100,0010000100,0010000100,1000010,011,00,011100011,1001,0001,0,
010000011,0000100111011,011,10000011,00110000001,010011,00111100011,1000010,000100,100010,01010,1001,1001,001,
00000001100110,100100011,000010000,000111000,0011000100,1000100,1000010,1000010,0001,000110,1001,000,00,0,
00010000,0100000011101,00110000011,0011000100,0000100101011,0010000100,000011000,100010,1000010,,0011000110,1,010,100,0,
10011000110000011,001000011100,001000001100,0010000001001001,0011000001101010,000011000,00000011,1001,1001,10010,01000,00,
01100001010,00000001010010011,0010011001,000011101,00110000011,1001,100010,00011,0001,0011000100,01010,100,0001011,
1001000110010000000101001000011101,00001001,00110000011,100011,000111001,001000011100,0000100111011,01000,00010,1001,1,
01100001100100,,0000100110011,001000001100,00111000011,0011000100,010011,00000011,1000000,00100,01010,1000100,100000,00,0,0,000111000,
10010001100100,00000001011011011010000011000100,,00110000011,0100011,00000011,000111001,01010,1000010,0001,011001,00,1001,
0011100100,000011000,001000001100,00000011,0001,010,000010000,000011001,1000010,1001,101,0001,1001,0,0,
100100011001,0000100110010000010,00111000011,00110000011,000011000,0011000110,10000100,,000100,100100,00,00,0,0,
01000010100101010,0011000110,001,00011,00,00001001110110000100,10000011,00100011,000010,1001,1001,00,00,
01010001001000,0000100111001,011000000110000011,000000010,1001,0000100,00011,1001,00010,01000,1001,00,0,0,
0000100000000010110010001010011011,0011000100,000010000,100001001,000011000,1000110,00001,1001,01011,1001,000110,000,0,
01000111000100000001000000100,001000001100,010,00110000011,000011000,00111000011,000011000,101110,10001011,00010,00,0100,,0,
10010001100100,0000000101101,00001001110111001,001000000100,
010010110001,1000000,011001001,0,
001000000100100,000010010001100100,100000,101110,01010,00100011,000111001,011,00100,01110,1001,1011000110,00,0,0,
1000000100010000010011,001000001100,0,0011000100,0000000101101,00100011,000010011,100010,00011,0001,101,1011,100,
00000001100110,0000100111011,100110,00110000001,0011000100,00111000011,000111000,1000010,000010010101110000011,01001,01010,1001,0000100111011,00,0,
01000001101100100101111001,000111000,00110000011,0011000100,
11001001,1001,00010,00110000011,0011101100000,1101,000011001,0011000110,000010000,00000001100110,10010,00,0,
0011100001100111100011100000,0000100101011,01100,100110,0010000100,01100,000011000,00000001,00100011,1001,10010,
00000001100110,0000000101101,100100011,00110000001,0011000100,1,0100011,1000010,10000011,0111000010,10000011,1001,0011101,00,0,
0010000111001000000,1001000011101,10011,00110000011,00000011,000011000,000010011,00100011,01010,1001,0001,00,00,
01001000001100,001000011100,00110000011,0011000100,000011101,010,00000011,00000001,00011,100000,00010011000010,0000100111011,0,0,000,0,,,,101100011,
10010001100100,100000,001001,00010,0011000100,000011101,00001001,00000001100110,100,000110,0011,1010000100,,1101,00,0,10,
0101111,0000100101011,00100,0011000100,0100000,1001,1000010100001001,00011,001000100100,0001,00,1101,000,00,00110000011,
00000001100110,00000000000100111100011,001001,0011000100,1000,10000011,100,101,1100000,01101001,100,00,00,0,
0010000111001,100,00000001100110,001000000100,00110000011,0011000110,000011000,1000010,00000001100110,1100010,0011000100,1001,10000011,00,0,
10010001100100,0000000101101,001000000100,000010000,01100,0011,1000000,000100,100010,1000100,010,00010,101100011,1,
0001000011000100,01,001000001100,001000001100,000100,000011000,,000011000,00000011,,01010,0011000100,1001,00,0001,
10010001101100,00000100011001,001110,01011,00011100000100011,1000111001,000100,1001,1001010,001,00,0,0,
0001101010,00,
010000011001,1000000,0000100000,0011000100,000010000,000110,1000010,1010011,100010,01010,0100,00,
0101000100000110,100100011001000010010,0001100110000001,00100011,000110,00000011,1001,100010,101,101110,1,000110,00,0,1000010,1011,,1001,
0000000101101100101,01100001,001000100100,11011001,0011000100,000011000,0000100101011,10000001001,100000,00010,01000,001,0000,0,
01000001101100,011000011001001000001100,
00011011001010000011,0000100101011,01,0011000100,001000000100,00000011,1000000,01100000011,1000010,101,101,00,00,0,0,
01010001001000,01,00111100011,0011000100,10010001100100,00000011,000011000,100010,00011,01000,00010,0001,01000,
011001011001,0000000100000011000,0010011001,00111100011,0011000100,1000010,010000011,000010,1011,101,0001,101100011,0011100,00,00000011,
11001001100100000001100110,011,001000000100,00110000011,00110000011,0011000100,000011000,00100011,010011,101100011,1001,000,00,00,
00011101101000,000011100,00110000011,0011000100,11,101,000011000,100010,00011,01111,1001,101110,00,0,0,0,0011000100,1001,00001,00000001,
0001000011010000011101,0000010,01000001000110,00110000001,1100010,10110000011,00100011,01100001,00010,00,1001,
10010001100100,0000000101101,001000000100,00110000011,0011000100,000010000,100000,1000010,000010,00011,10000011,0100,00,1001,10,0,00000011,
1000,0000010100100000001100110,0010010000100000001,0011000100,000111000,10000011,0000100111011,000100,01010,000100111000011,001,000,00,
0001000011010,0000100110000011,001000001100,00111100011,0011000100,000111001,00000011,1000000,0100,01010,01000,1001,00011000010,00,
10010001100100,0000000101101,0000100101011,000010011,0011000100,00111100011,00000011,1100000,00000011,000011000,01000,,01000,1001,00,0,0,0,0,,,000111001,00000011,
01000001001100,0000100101011,001000001100,00110000011,0011000100,00110000001,000110,,0000110000100000,1000010,1001,0000100101011,,100,
000000010110100,00111100011011,00100101100,00111100011,0011000110,,,00000011,011,011,,1001,10000011,0001,0,
10010001100100,0000000101101,010000011,01100,0011000100,00001,10000011,1000010,100010,00000011,01011,101,00,0,
0100000000010,1,001000001100,01,00110000011,001,1001,00001,0000010,1101,001001,1001,0000100111011010,000,0,100011,
01000100011000110,001000001100,0000010,001000001100,000010000,00,000011000,00000001,01100,01100,101,01000,00010,1,0001,0,0000100111011,000100,,00100,00010,0,1001,01010,1001,0000000101101,1001,010000011,0011000110,1001,1000000,1001,01000,001000011100,011,01110,,00110000001,000010,01100001,0100,1001,00000011,1001,
01100001100100,10011,001000001100,001000000100,0011000100,00100011,0011100,000011000,10,000100,0011000100,1001,00,00,
00000001100110,000001,
01011,000100,000010000,011001001,00110000011,00001001,000011000010,1000110,1100010,000000110000001,01000,1001,1001,11,
1000110011000100,01,001000001100,001000001100,00110000011,001000001100,1001,000011000,00100011,00111100011,00001,101100011,001,0,000011100,
01100001100100,00001000011000100010110,0010000100,000111000,0100,00110000100,0000010,001000100100,010011,1000110001,1011000110001,00,
0110000100001000,1100011,110111,0011000100,00000011,1000010,100010,1000010,000111001,100100000,001,001,0,
01000001101100,0000100111011,01011,001000011100,000111001,0011000110,1101,00111100011,001100000010001101100011,01010,1001,1001100,00,0,1100010,
0100011,000000110000001,1001,
01000001101100,0000010100101,100,00110100,000111000,000011000,00000011,1000010,1001,101,01000,100110,00,
01100001100100,00001000011001,010000011,001001,000011101,000111001,000,1000010,000100,1000010,0001,011,00,0,
01000001001100,100000,001000001100,00111000011,00110000011,0011000100,000110,000011000,01100011,1000010,0011000100,1001,010,0,
01100001001000010001,1101100011,001000001100,00111000011,00110000011,000111000,01011001000001100,10000,10000,101,1101,1001,
010010000001,000010,00110000001,0010000100,0010000100,0010000100,1000010,1000110,1000100,1,10010,011,1,00,
0001110110000100101011,000111001,00111000011,0011000100,000011100,10000011,10000,100010,000110,00001001100,00110000001,001,0,0,0,
01001,0000000101001,
01001001,001110000111001011,00000001100100,0010000100,1100010,000011000,00000011,1,011001,101,100000,100,00,00,
01000001001100,001,0011000100,1000110,00110000011,0011000100,101100011,00000011,1000000,000100,1001,000110,000111000,00,0,
00010000000011100000,0000100101011,01100,00110000011,00111100011,000111000,1011,1001,01000,1001,101,100,1001,
0101000100010000011,0011
10010001100100,0000000101101,001000001100,01100,0011000100,000011000,100110,1000010,100010,00011,0111001,1001,
10010001100100,0000000101101,0010011001,001000001100,00110000011,0011000100,0011000100,000011000,00100011,0000100101011,01010,1001,1000000,00,0,10,
0110000110011001001,000010011001,001000001100001,00111100011,0,000011000,0011000110,1000010,01100001,00010000,1001,00,0001110001001,10,
10011000000100101011,,,001000001100,,0011000100,,,,,,,011,,100010,,,1001,,0000100,,
01100001100100,10000100111011,11000011000100,001000100100,00100011,0000100111011,100010,001001,011,000010011,00,101,
011011010001000010,000010000010,0011000100,11,00011,1000010,100010,01011,100010,101,00,1001,000100,
000011100,0100011,100011,00110000001,000111001,000011101,00111000011,0011000100,100001001100000,100010,10101100011,00,0000000101101000100,00110000011,
01000001001100,0000100101011,001000001100,00110000011,0011000100,000011000,1000010,10000011,1000000,01010,0011000100100000,1100010,1001,
00100010010001100,1001,001000001100,001000001100,00110100011,0100011,000011100,00000011,00011,01101011,10000011,1101,00,,00,00,00010,,,,1001,0011000100,
1000000010011000010000011100100000011101,0000100111011,1000110,0100011,000111001,010,000111000,100010,1000000,100,00,00,0,0,
00000001100110,0000100111011,001000011100,01100011,10011,0100011,00000011,1000010,100010,1000110,00111000011,001000000100,00,1,
010011101100000,100010,001000100100,0011000100,0010000100,100,000111001,100010,100,1101,00010,00,1,000,0,0,
11000000100000100000,00001001,001000001100,00010,0011,1,10000011000100,100010,01010,1001,,001,00,0,0,
1000111001,0000100111011,0000100,00110000001,00110000011,00110000011,000111000,00000011,1000000,000100,0000000101101,1001,0011000110,001,00,
00001,0000100011011,001000011100,00110000011,0011000100,001000011100,10000011,1000000,000100,01010,0001,001,001000100,0,0,
01000001101100,0000100111011,001000100100000010001,00110100011,000111000,00000011,011000010,1000010,1001,001,001,00,
01011,00000001,00110000001,0,0011000110,000011101,
00000001100110,0100,
10010001100100,0000000101101,001000000100,00110000011,0011000100,00110000011,00000011,0000010,100010,0,0001,1000110,00,00110000011,0,0,00010,
0101000100100000,00001110100010,001000000100,00110000011,01000001001100,1000100,00000011,000110,000100,10011000,1001,00011,00,0,
11001001100101,00110000011,001000000100,0001001,000011100,001110000111001,10000,1000010,
00000001100110,0000100011000011000,
00000001100110,0000100111011,001000100100,,001000001100,10011,0011000100,
01000000000000110011000001000010,00011,0011000100,000011101,10000011,0011,100010,000100,00010,101,000,1000110,1011,100110,
0101000100100101000100011000100,001000000100,00110000011,1011000110,000111001,00000001,00000001,100000,101,0001,001,
10010001100100,100000,00,0000011,0,0011000100,101001,0111001,000100,01010,0,001,00,0,0,
1000100100000000000101101,00000011,0011100,0011000100,101,000111000,00000011,011,10010001100100,10000011,000110,00,1001,
100010000011100100010,000011101,0011000100,00100010000011,000010,010000011,0000,01001,000100,0000010,001,00,00,0,
001000011100,0000000100011000100,000010011,0000100101011,000011101,10000011,00010,100010,00011,100010,101,1001,00,00,0,
10010001101100,11001001001,01100001,01100011,0011000100,
011010,010000011,100,001000001100,001000000100,001101100011,1000010,00000001,00011,000100,10011001001,010,001,
00110000011,1011,001000001100,00110000011,0011000100,01011,000010000,1000010,000110,00011,,1001,0001,001,0,00,0,
0010001001001000101000010,000011001,001000000100,00110000011,001100000011,1000000,100010,000110,000100,101,00,0000100111011,
011000011001100,0000100111011,00111000011,000111000,00111100011,0011000100,000111001,00000011,00111100011,1000010,010000011,1001,00,00,
0000001000100100100110,1001001001,001000000100,00110000011,00110000011,000011000,1000,010011,0000010,0010000100,100001001,1001,000,0,0,
00000011000011000,00111100011,000111001001101100101010,0100011,01001,000011000,000110,1000010,001,100110,1,00,1,
10010001100100,001000011100,10101100011,0000100111011,00110000011,0011000100,0000,1000010001,00011,11,10000011,0001,00000001100110,
10000000101001,001000001100,001000100100,0011000100,00110000011,1100010,0011,100010,00011,000111000,01100001,01000,1001,
01000001001100,0000100101011,001000001100,00110000001,00110000011,0011000100,00000011,1000010,00100011,0000100101011,100010,1001,1001,00,0100100,0,0,0001,,0010000100,
10010001100100,0000000101101,001000000100,01100,0000100101011,0010000100,0011000100,000011000,1101,00011,1001,101,
00011101110011,1001001001,0000010,1100010,100100,010011,10010001100100,1000010,1000010,01010,1000100011001,,0001,001,
010010111000110,100110011,0000100111001,0000,0000,000011000,100010,00,1011,00010,,001,0,0,
100000000000100,00000001100110,001000100100,0011000001100001001,0011000100,001000100100,000011001,000110,000100,1001,0010000100,001,00,0,
01011,0000000101001,010011,01001,00001001000000100,000111000,00000011,0011000100,001000011100,0011100,101100011,00011,00,00,10,011,
00011010010000011,000010010101101100011,1011,000111001,0011000100,0011000100,000011000,1000000,1000010,0011101,001,001,00,0100100,0,0,100110,,0011000100,0000100111011,1100010,0011000100,
10010001101100,01000010001001000000010,001000001100,0011000100,000011100,0011000110,000011100,1000000,000100,01010,0001,001,000011100,
10010001100100,110001,101100011,001000000100,00111000011,00110000011,0011000100,000011000,000010,1100010,000010,1001,00011,00110000001,0,0,
01011000110100,0000100101011,100100011,010011,10101011,000011000,100010,010011,1000010,01010,,01,1000110,000,00,0,
1000000001000000100000110,001000000100,01100,0011000100,001000000100,0,00,00000011,00011,100000,00010,0001,001,
01100001100000,1000010,001000001100,0010011001,0010000100,10000,1000010,1001100,,000100,1001,1001,00,0,00,0,
01100001,00001001,001000001100,1100010,0011000100,0011100100,000111000,0000010,1000000,1000010,100000,1001,001,00,
100000000010001000000,10010001100100,0011000100,001000100100,0011000100,001000000100,1000010,100,10000011,01010,1001100,001,0001,0,
0001110110000100,0011101,1001100,0100011,000011000,00111100011,0011,00000011,100010,100010,0011,00,1001,01010,
10010001100100,0000000101101,001000000100,000010011,0011000100,000011101,00000011,000,100010,00011,1001,00001,00,0,
001110000111000100,1100,011,001001,00110000011,0011000100,0011000100,100101,,1000010,00000011,001,010,0001,00,
10010001100100,0000000101101,001000001100,100110,0011000100,1011,0011000100,1000000,00000001,1000010,100100,00010,001,001,
00000011101110,000010011101101100,001000100100,0011000100,101010,000111000,1101,1001000111001100,,0011000110,01011,001000000100,00,00111100011,
00000011101110,1100010,001000001100,1001,1011,000011000,0000100111011,010,00011,00000000,00,1001,
01100001010,1001001011,0011000100,00110000011,000011000,00000011,0110001110000011,00011,00000001,0001,01000,1001,001,00,
00001001100100000,001000011100,01100,101100100011,0011000100,10000,00000011,1000010,100010,,1001,00,,0,0,
1000010,00110000011,100100011,01100,0011000100,10000,00100011,00000011,000011100,1000010,,,00010,00,0,
011000010101000,10000001001,001000100100,00110000011,001100011010001000010,000011001,1000010,1001,10010,1001,0011000100,01001,00100011,
10,0000000101101,000011000,00100,0011000100,0000100111011,00000011,1000010,0000100,100,100010,10010,00,0000100101011,0000,
100100011001010,010000010011,001000011100,01011,0011000100,0010000100,0011100,1000000,100000,01010,1001,001,0,
10010001101100,011000110000000110011000011100000110000011,00111000011,00111000,000111001,1100010,100010,011101010,000010000100100,00,001000100100,
1000010,001100100,001000001100,11,0100001000000100,011,000011000,0000100,100000,0110000000101101,1001,00011,00,0,0,1,0,,,0011000100,1100010,
10010001100100,001000000100,001000011100,010000011,0000000101101,000010000,0011,010011,00000001,00011,1001,00010,0001,1100000,0,0,0011101,
01011001100000,0000100101011,0010000100,01010,0010000100,0011,0000010,01001,1100000,00001001,0011000110,0001,0011,00,0,
00010001100001,010010011100010,001000001100,0011100100,010000011,000011000,0011101,00011,01111,,1001,,0001,00,
10010001100100,000111000,001000001100,00110000001,0011000100,001110011001100,1000000,100010,00100011,1000000,101,00,0,
11001001100101101101100000010,0011000100,0011000110,
01000001101100,0100100000001000001100,00001000011000,00110000011,000011000,,0011110001110,00011,0001,10011001100100,
10010001100100,0000000101101,001000001100,00110000011,0011000100,01011,00100011,1001,1001,00100011,01011,001001,10000011,0000100,
00000001100110,0000100111011,000011101,,000100,10000011,0011000100,000111000,00110000011,110001010,10010001100100,0000100,1001,01010,
0000000101101,0,00000001,000101001,010000011,0011000100,000010000,00000011,0100011,1000010,01010,1001,011,00,0,
00000001100110,001000100100,001000011100,00111000011,0011000100,
01000001101100,10010001100100,001001,001000011100,0000100101011,001000000100,0100,01010,1000,1000010,101,01000,1001,00,00110000011,0,
10010001100100,0000000101101,0011000110,00110000011,0011000100,000010000,011,01010,0000100,011,001,101,0001,0,00,0,0,
0100000100000000000101101,001,0011000100,001000001100,000010000,00100011,1000010,00000011,10010001100100,1001,00010,00,0,
01000,11,1000110,1001100,100100011,000011101,101100011,1000010,100010,000110,011,101,00,001,0,0,0,
00000001100110,000001100011,011,1011,001000100100,00,000011000,100000,00100,00001,0011,100,00,00,0,
10010001100100,1,010000011,0011,0011000100,0000000101101,10000011,0001,011,,100110,1001,0001,00,0,000110,0,
10011100101,000100000,0011000100,000110,00000011,001000011100,
0000001100111000011101110,001000000100,0000100101011,000111000,000011101,1001,
1000,00001000110000011100,0000010,11,000011000,001001,00011,011,011,011,000,1001,1001,,1,
010010110100,0000100101011,01100,0010000100,0010000100,1000100,1001,00000011,1000100,,1001,100,001,001,
001110000010,01000,1101,001000000100,100000,10000011,000111000,00100011,000010000,01010,0011000100,0011,001,00100,00,
10010001100100,0000000101101,00000011,0001,0011000100,00001,010011,1000010,100010,0000000101101,0001,00010,001,1,00,0,10,
100001001,10000011,
00110000001,0000000101101,001000001100,00110000011,0011000100,00001,000111000,000100,000000111000010,01010,1001,0000000101101,00,0,
10010010011,,01010,00110000001,0011000100,1000010,000011000,,00011000111001,00011,0111001,000110,00,0,00,
10010001100100,0000000101101,001000000100,00111000011,0011000100,00001,00000011,01010,10,1100000,1001,1100010,00,
10010001100100,00000001011010011101,011,001000100100,00010,1001,000111000,01100011,10000000100,,10,1001,1001,00,0,
001110000100001110000000001100110,0000100101011,01000,001000000100,1,,000111001,000011001,1000010,1001,011001,0001,001,00,0,
100000001010,01010,001000001100,001000001100,00111000011,0011000100,0011000100,1000010,1000000,101110,1001,001,00011,0,00011,0,0,
1000000001000010001100,001000011100,00110000011,0011000100,0000000101101,000011000,1000010,1000110,00011,100100,101,,011,00,
10010001100100,0000000101101,001000000100,00110000011,0011000100,000011101,1000010,1000000,0000100,00011,1001,00010,00,0,
100100011001001,000011101,0000100111011,10010001100100,100110,010011,00000011,1000010,1000000,100110,01010,1001,1101,00,0,
10010001100100,0100,0010000100,01100,0011000100,01100011,01000,1000010
11,01000,01001,1011,00110000011,001100010011,101,00000011,,01010,0110011,1001,01100001,00,0,
0010000111000100110100,0000100110011000100,0010000001001100000,0010000100,000010011,01011,1000110,11000001001,000010,0011101,001,00,1,101,
0100011,1,000011001,001000000100,0000100,0011000100,00,00000011,1001101000100,00000011,10000011,,,1,
00000001100110,0000100111011,0100000011,0110010001,1000,000100,00000011,00000011,00011,01101011,1001,001,0,0,
01011001,0000000101101,000,001000000100,0,1101,10,000100,011001,000100,001000000100,011001,1001,00110000011,01001,0,
00000001100110,1011,010000011,00110000011,0011000100,00110000001,0010000100,0000010,01100011,00000001100110,0111001,01000,0011101,001,00001,0,0,
01100001100000,000110,1000010,00001001,1011000,00001001,00001,00010,10000,00,,1001,,001,00,0,
000111001011001100000,000010011000011100,0100011,00111100011,00110000011,000011000,000011000,1000000,01010,1001,0001,000,0,0010000100,
0010001001001000011,0000100111001,001000011100,100011,0011000100,000111000,00000011,01100001,000100,00001,0001,11,0000,0,000111000011,100110,,,0011101,00110000011,001,1001,0,000,
00000001100110,0100,00001001,00110000001,0011000100,1000000,010,1000010,1000,01100,0001,10010,1000100,00,0,
010010110100011,0000100110011,00110000011,0011000100,000011000,00000011,1000010,101110,1001,01010,0001,001,001,00111100011,001011,
10010001100100,00000001100001000010000,10100110000011,000010,10000011,00000011,100010,1000010,01101011,1001,00011,00,00,
1000000010011,001001,001000001100,001000001100,00110000011,00110000011,000010000,000011000,00100011,01010,1001,100,00,0,00,0,101,
01100001,001001,001000011100,00111000011,00110000001,0,0010000100,00001,0111000010,100,01010,00000001,00,01010,001000100100,
1000001110001001000100000100110000000110011101,101,000010000,00111100011,000010000,1000110,1000010,0001100100,0001,00,00,0,0,0,10011,0000100111011,10000,011,0000010,1001,0,00100011,
10010001100100,0000100111011,0000100111011,00011,00110000011,000111000,101,000011100,011,1001,1001,00010,00,0010000100,000,00,0,001000100100,00111000011,,0010000100,
01000001001100,0000100101011,001000001100,1001,0011000100,001000000100,
10000011000001001010,0000100101011,01100,000011000,0010000100,000011101,1000010,100010,,01100011,01000,100,00,0,0,
10101110,0000100111011,001000001100,00110000001,00110000011,0011000100,000011000,0011000100,1100010,1000010,1001,1001,1101,0,
01001001,001,001000001100,001000000100,00110000011,100001001,00001100011,00100011,1000010,01010,000,001,0,0,01100011,
10010001100100,00000001100110,1000000,001000100100,0011000100,00111100011,00100011,1000010,0000100101011,,001000011100,000010,00010001,0000000101101,
1011100001001100,0000000101101,100010,0011000100,0011000100,100100011,000011100,100010,1000110,1100,00010,000010,001,00,0,0,0,00011,,00000011,
10010001100100,0000000101101,001000001100,00001001,0011000100,000011000,0011000100,1000010,1000010,00011,1001,101,1001,1,
010000000110001101001010001110001000010,0000100111001,001000000100,00100011,0010000100,100010,000110,000110,00010,00,100,001000100100,000011100,0,
0001000011000100,0000100111011,001000001100,001000000100,00111000011,0,010,01010,1000000,100010,0011000100,1001,100,00,
01100001100100,0001000000110011000100,001000001100,0011000100,001100100,000010000,1000110,00001001,000100,100010,01000,001,00,0,
000110000100100000,001001,001000000100,00111100011,0011000100,1001100,00111100011,1000000,1000010,01010,1001,001,000110,0,
1001000110000000101101,0011100001100011001,000011101,00110000011,0011000100,000111001,00000011,1100000,01010,01010,000110,000100,011,0,10011,
00000001011011001,0000011000100,001000100100,1100,000010000,1101,000110,0000000101101,000110,1001,00000001,00,0000100111011,0,00,0,11,10000,,001000001100100100010,1001000000,,
00000001100110,001000011100,0000100111001010,00100011,000010000,000010,100,1100000,10010001100100,0101100,1001,,100,00,00000001100110,
00001001111,,1000000,0010010010001100100,001,,1000,,1100010,010011,100010,01010,1001,00,00,
010000011001000001100000010,0000100101011,00111000011,0011000100,0010000011,0100,000011001,100010,,01010,100110,1001,00,001,
10010001100100,0000000101101,001000000100,00110000001,0011000100,00110000001,,101110,10000011,0100000,0000,01010,0001,1101,00,0,
1000010,1001,1100010,100100011,0011000100,100100011011001,100100011,1000010,0000010,10,01010,00011,011,00,
01000001101100,000110,01011,0,000010000,0011000100,00000011,
0011101,0000100111011,11000001001,100100011,
0100011,0000000101001,100100011,00110000011,1000100,00000011,10000101100000,00100,000010011,010011001,0010000100,100,00,000,0,
011001100,
01100001100100,10011,000,001100000110011000100,000011000,0010000100,000011000,0110000100,100010,00111100011,0001,001,00,1000110,
10010001100100,0000000101101,001000000100,00111000011,0011,1000000,000100,00000011,100010,00100011,,00,0001001,001,
011000110010000111001000,001000011100,01001,101100011100100,00110000011,000111000,01100011,0000010,000011101,1101,100111,00110000011,100011,0,
11000001000100100100011000101001,011001011000001100,0011101,000111000,00000011,1000010,100010,0000000101101,00011,1101,00,0,0,
00000011101110,001000100100,0011,001000001100,001000001100,0011000100,0011000110,000000111000100,100010,001,011,001,1001,00,0,0,
1000000010001100111000011,000001000110000011,001000001100,00110100011,
01100001,1100010,0000100111001,00011,00010,100100011,
100100011001010,10010001100100,01100,1100,00000011,000,1000010,00000011,00000011,01111,010,001,00,0,0,
010100010001,1000,00110000001,001000100100,0010000100,010000000110000011,01000000110100011,100010,00100011,0001,0000010,01000,1,10011,
00000001100110,0000100111011,001000011100100000,00011,00110000001,,00100,000011000,0,0011100,100,,001,,001,0011000110,0,
0010000001001000,0000010,0010001001001000010,0000011000100,1000010,1000010,000110,00011,,00100,1100010,011,0,001,
10010001100101,100100,100000010011,11,0011000100,000111001,00000011100100,00011,100010,0011100011,1101,00,0,
11001001100,0000100101011,001000001100,10000011,000011000,
01010001001000,01100001100100001001000100,00110000011,01000001001100,100100011,00000011,1000010,000100,10010000100,101100011,00,00,1,0,
10010001100100,1100010,0011000110,00111000011,0011000100,0100011,0100011,1000010,100110,00011,1001,1010011100,00,0,0,
1001001001000100000111000100,001000001100,00100101010,0010000100,10011,,000110,001,10110001,1001,00110000011,1001,00001,0,
0100011,100100011,100001001,001000000100,00110000001,0011000100,
10010001100100,0000000101101,001000001100,000100,0011000100,00100011,00100011,1000000,100010,00011,,01010,001,001,00,
01000111001,0100100111011,001000011100,00110000011,010,000010000,0011,101110,100010,1000100,0001,000,00011,0,
1000000010011000011101,0100010000011,001000001100,00110000011,0011000110,0011000100,1000010,001000001100,1100000,1011000000,1001,0100,
01001100100010000011,100000010011,001000001100,00110000011,0011000100,000111001,10000011,000100,00010,01010,01000,00000011,100,
00000001100110,00001001100,10110000011,0011000100,1,100000111001,000110,00100011,
00000001100110,00110000001,00111100011,00111000011,0011000100,1011,001000011100,1000010,1100010,00011,,01010,011,1001,00,0,
1101100000,,0000100101011,01100011,0011000100,000010000,1001,000011100,100010,,100110,01010,0001,1001,00,0,0,
00000011100100,00111100011000011001,001000000100,01100011100000,
01100001100100,0000100001011,001000100100,0000100,000011100,000111001,000011000,0000010,100010,01010,0001,011,001,00,
0000100010,00000000100111001,01,00110000011,000011000,0011000100,00100011,0000000101101,100010,10110011,01000,1000010,0000100,01000,
0100101110010001100100,0000100110011100,001000000100,00110000011,00000001,,,000011000,01010,0000,1001,100,00,0,0,
01000,01000,0011000110,10011,11000100100011,01100,1001,100010,1000010,100000,0011000100,00,0011000100,00,0,
01001001011000010100011011101100000,0011000100,001000000100,1100010,000111001,100010,00100011,0001,101,00,1,
00000011101110,000110,001000001100,,101110,00000011,1001,1000010,00000011,1001,011,,1001,1001,0,0,0,
10010001100100,0000000101101,001000001100,00110000011,0011000100,0100011,000011000,1000000,100010,00011000,01010,0001,00011,00,0,
001000001100,1000000,001000000100,1000110,001000001100,000010000,10,00000001100110,00000001,
01011001,0000100011
000011101100000,00000001100110,001000001100,0000100111011,000010,0011000100,00000011,1000010,101110,100110,10,1001001,1001,,
001000000100000111001,0000001100000011001,10011,00110000011,0011000100,00111000011,0011000100,1000000,100110,01010,001,1001,00,00,
01100001100100,0000100011001001,00000011,00111100011,01100,10010001100100,000,100,1000010,01010,00011,001,0011,00,
00010001000000100011001000001001,0011000100,00110000011,00000011,1000010,1000110,000110,1001,101,001000011100,00,
0001000010000110000011,001000000100,001000001100,0011000100,001001001000100100,100,000011100,0000000101101,000100,01010,,00,001,
00000001100110,0,000100001000001100,000001,0010000100,1101,
01001011100000,0000100111011,00110000001,0011000100,0,00111100011,1000010,000110,00100011,000010,101,00,1,0,
011000010,0000100101011100101100011,000,001001000100,1000100,000011100,0000000101101,00111001100000,0011100,100,100100,1,1,0,
0010111000001001100101011,001000001100,000011101,00110000011,0011000100,1000110,1100000,01000,00111000011,000110,001,00,0,
0001110110000100111011,00000011,000010011,0011000100,11,0010000100,000011000,1000110,001000100100,0111100000,010011,001,00,
10010001100100,0001,001000001100,00000001100110,0001001,0011,001,,001000000100,00100011,0011100,00,,100,
0000100110,011011,01,00001001,100110,0011000100,1100010,1000000,1100000,0101000010,00000011,,00,0,
00000001100110,00001001100,001000001100100100,0011000100,000011000,00100011,1000010,00000001,0110011100,01010,0000010,00,0,0,00111100011,0,0011000100,,,01000,101100011,0,0010000100,0,0011000100,1,
00001001101100,100000,001000001100,0011101110,00110000001,100011,000011000,011000011000,1100000,1001,1001,001,00,
1000001101100000000000100111001,001000011100,10000011,10011,0011000100,000011101,0000100111011,1100000,01010,1,1101,000111000,00000001,0,
01011001100011,0000100110011000100,000010011,01100,0011000100,,1000010,00000011,00011,,,,10011000010,0,0011,
100100011001100000,001000000100,0010001100001,010000011,0000000101101000,000011100,00000011,10,100010,00010,001,01001,01011,00,0,
000000011001100,0000100111011,1000000,001000001100,00110100011,000111000,10000011,00000011,1001,000100,00010,0001,1001,000,0010000100,
01001000101000,100011001000,1000110,1001100,0011000100,,1000010,100010,0100000,0110100011,00000001,001,0,
10010001100100,000010000,0011000110,00110000001,0011000100,1001,01100011,000100,100000,00011,100000,0001,1001,01010,00,0,0,0,000111000,,1001,100,1100010000011000,100010,0000100111011,00110000001,000111000,00000000000101101,
10010001100100,0000000101101,001000001100,00111000011,0011000100,000011101,
000110,00001,01100011,001000011100,0011000100,00000001,0000100111011,00000001100110,00000001,00011,00,00010,01000,1,000,00,
1000000001000001100000010011101101001110110,001000001100,00110000001000110,00100011,1000010,1000110,1000010,0000010,010,00,011,
100100011011100010,001000001100,01000,00110000011,000010000,0011000100,0011000100,00000001100110,1100000,1001,101,00,1,
000001011001001,0001001,000010000,00110000011,0011101,0011000100,000011000,01100011,10,01010,100110,1001,001,
01100001100100,0000100001011,001000001100,00111100011,0011000100,0000100000011,00000011,00011000,010011,0001,011,0,000111001,0,0,
10010001100100,0000000101101,001000000100,10010001,101110,00110000011,0,1001100,11,1100010,00100011,0011000100,
10010001100100,0000000101101,0000100101011,011000000100111011,00111000011,1011000110,000011100,100010,00111000011,1001,101,00,0,
1000010,0000000101101,001000000100,00111000011,0011000100,000011101,100010,1000010,1000110,000110,0001,00010,00,1101,
100000010001000000100111011,0000100111001,001000000100,00110000011,0011000100,1100,1000100,1000010,001000100100,000010011,100,001,00,0,
01100001100100,0000100,0011101,001000001100,00110000001,000011000,00000011,1000010,000100,0011101,100,1001,1001,00,0,
010110011101,0000100101011,01100,0011000100,00110000001,,0011100,00011,1000010,010011,01010,1001,00,00,
1011000110100111000000,0100001110011000011100100,001000000100,0000100111011,0011000100,100010,00100011,100010,101,001000000100,010010011,0,
00000001100110,0000000101001,001000100100,00110000011,000111000,00000011,1000010,0011000110,01101011,00110000011,00000011,001,00,0,
100100011001100000,0000100101011,100010,0011000100,000011000,00100011,1011101001,00110000011,01010,100110,00011001,001,00,0,0,0,00010,,000111001,1000000,
1100000100000,01011,01100,0011000100,00110000001,10000011,,,100010,00011,1001,00010,100,0,0,001,
00000001100110,0000100111011,1000111001,001000000100,
100110,0000100111011,001000011100,100100011,0011000100,000111001,000111000,000011100,01101100011,0000100,,00000001100110,1001,100,
001100000011,0000100101011,001000001100,011000111001,0010000100,00000011,000011000,0111001,01100,1001,100,1011000110000100,0,0,00100011,
1000010,0000000101101,001000001100,00110000001,0011000100,000011000,,1001,011001001,00011,10000011,101,0001,01000,
11000011000100,,0000100111001,001000011100,00111100011,00100001000000100,00100,100010,00011,1000100,,0001,0100,00,
10000000100111000,1000000001101100001,1100000,0100011000010,0011,1000010,000010,0010000100,00100011,00011,00111000011,1000,
01000001101100,0100100111001,010011,0011000100,0011000100,000111001,000011000,1000010,1000010,101,000011000,001,00,
0000100101100101,100100010,010000011,00111100011,0011000100,000011100,00000011,00111100011,100111001,0,10000,00,
00010000110000000100111001,001000000100,0011100100,000111000,001001,00000011,00000011,001000011100,10010,010001100001,011,00,
10010001101100,0000100011011,001000100100,00110000011,0011,000111001,01100011,101110,100011,11,1001,100,00,0,0,
01010,000000011001101001,100000,00,100,000111000,0011100,1000110,01100,1011,10011,01000,100,00100100,
100000000011100101000,01100001001,001000001100,00110000011,0011000100,0100,000011001,,000100,01010,0000010,011,1001,00,0,
100000010001000000000101101,1001001001,01100001,0,000011000,000,00000011,1100000,01010,010011,000110,000,001,000010,
100100011,10010001100100,0000100101011,00110000011,0011000100,0011000100,00110000011,1000010,00000011,010,0001,000010011,001,100,011001,00000011101,0,
00010000110100,0000100111001,001000001100,00110000011,0011000100,000111001,1000,01100011,1000010,00001,0001,100110100000,00,0,0,
100110,1000100,1000,001000011100,0000000101101,0010000100,0010000100,1001100,100010,00011,00,00010,00,001,
01101101000,10011,011001000111000000010,1001,1001,
10010001100100,100100011,100011101,01,001000001100,0011000100,0011000110,000011001,1000010,1001,00111100011,0001001,00,0,
00000011101110,0000100111011,100011,0011000110,0011000100001,00000011,1000010,011,011000100,1001,100,0,0,000111000,
