01010101101100,0000100111001,001000011100,00110000011,0011000100,000010000,01100011,1000010,000010,01000,1001,000,00,0,
01010001111100,0000100110011,001000001100,00110000011,0011000100,000011000,00000011,1000010,100010,10010,1001,000,00,0,
00011001001100,0000100111011,001000000100,10111000011,0011000100,000011100,00000011,0000000,101010,01010,1001,000,00,0,
00000001101100,0000000101001,001000000100,00110000011,0010000100,000011100,01100011,1000110,100110,01001,1001,101,00,0,
11000001101000,0000000111011,001001001100,00110000001,0011000100,000011000,10000011,1000010,100110,00010,1001,000,00,1,
01000001111010,0000000110011,011001001100,00110000011,0011000100,000011000,00000011,1000010,000010,10010,1001,000,00,1,
11001001101100,0000000101001,001000000100,00110000001,0010000100,000011001,11100011,1000110,100110,00001,0001,001,00,0,
11001001100000,0001000101001,001001000100,00111000011,0010000100,000011001,01100011,1000100,100110,00001,0001,001,00,0,
01011001100100,0001000101001,001000000100,00111100011,0011000100,000111000,00100011,1000000,100000,00011,1001,001,00,0,
01000001100000,0001100101011,001001100100,10110000011,0011000110,000111000,00000011,0000000,100110,00010,1001,001,00,0,
01000001111010,0000000110011,011001011100,00110000001,0011000110,000010000,10000011,0000010,000010,10010,1001,000,00,1,
00010000101000,0000000101001,011000001100,00110000001,0011101100,000011000,10100011,1000010,100010,01011,1001,001,00,0,
10001001100100,0001100111011,001000000100,00111100011,0011000100,000011100,00000011,1000000,100100,00010,1001,000,00,0,
01011001000000,0000000001011,011000000100,00111100011,0011000100,001111000,00000011,1000000,100000,01010,1001,011,00,1,
01001001100000,0000100001001,011001000100,00110000001,0011000100,000111000,10101011,1100010,100000,01010,1001,001,00,0,
00011001100000,0000100111001,001000000100,00110000011,1011000100,000111100,01100011,1000010,100010,01000,1001,000,00,0,
01011001000100,0000000001011,001000000100,00111000011,0011000100,001111011,00000011,1000000,100010,00010,0001,011,00,1,
11101000100000,0001100111011,101000000100,00111100111,0010000100,000011000,00000011,1000100,000100,00010,1001,000,00,0,
00011001100000,0000100010001,001000000100,10111100011,1011000100,100111110,00011011,0000000,100000,00010,1001,000,00,0,
01011001000000,0000100011011,011000000100,11111100011,0011000100,001111010,00000011,0000000,100000,00000,1001,010,00,0,
01000001111010,0000000110011,0110000110000011,00110000011,0011000100,000010,00000011,000011000,100100,01010,00010,000,00,11100011,
111111011,0000000001011,001000000100,0000100111001,1001,000011100,00000011,1000000,000010,000011001,1001,011,00,1,
01000001111010,0000000110011,0000000110011,00011001100000,1010001100,1001,1011000011000100,00,0000100111001,00010,1001,101,00,0,
0101010111,01010,0000000110011,1001100,0001,000011100,00000011,10100001,1000010,100000,01100,1001,01011,001000000100,
01011001000000,0000000001011,001,00110000011,00110000001,0011000111100,000010,00011,00000011,1100,1001,11,00,1,
01011001000100,0001000101001,00100000,00111000011100010,11100011,00000011,01100011,00000011,00111000011,1001,000,00,000,
01000001100,0001100111011,001000000100,010,0011000100,0,1000000,01100011,000011100,101011,11,1011000100,000,000,00,000110000001,
1100111100,0011100,10100,0001100,00111000100,00011001100000,000011000,00000011,101,1001,011,00,0,00,000011100,
00011001001100,0000100111011,0000100,00110000011,,01100011,000011100,000011000,0000000,1000010,1001,000,1001,00,00,0,
01000001111010,0000100111001,0010010000011,0010000011,10100101100111011,001000000100,1000100,1000010,000011001,0001,111011,00,000,
00011001001100,111011,001000000100,1001100,0011000100,001111011,00000011,00010,0000000,10010,01010,00010,000,000,
01011001000000,0100,0010000100,101001011100,1001,001100010,011000000100,1000100,00,0100,0001,0,000011,00,0,
00011001100000,000011000,
10001001100100,0000000001011,001000000100,00110000001,01000,1001100000,0010000100,000011001,000010,0000000110011,1001,00111100011,00,1,1,01010,00000011,011001100100,01010,1001100,0,
0110001011001001100000,0000000101001,001000000100,00110000001,1011100,000011100,001000000100,111011,1001100,00001,01011101,00,0,
10001001100100,0001100111011,001000000100,00111100011,0011000100,000011100,00000011,1000000,0100010010000100,
01011001000100,0000000001011,001000000100,00111100011,0011000100,0011101100,00000011,1000000,100000,00010,0001,010001,00,0,0001000101001,0,
01011001000000,0000100011,001000000100,000,0000000001011,1010010000011,00001001011000011000100,00000011,0011100,0001,111,1001,0,00,1,00000011,00011,01011,00100,00011,
00011001100000,0000100011011011,00110000011,0011000100,01000,
01000001111010,0000000110011,1,00111100011,10111001100100,00010,,00100011,000010,000010,1001,000,00,0,
01000001100000,0011000110,011000001,00110000001,0011101100,0,1000000,100010,10010,00011,00,1,0,0,
1110101100,100010,1100011,00110000001,01000001111010,010,,11000,1000000,1000010,00010,0001,011,00,1,00,0,
010000011011011011,10010,001001100100,01011,00,000010,000111000,1000010,100010,011,00,
00010000100110000011,011001011100,00110000011,0011000100,0011111,,00000011,100010,000011001,100010,000,00,000,
01000001111010,000100,000,011001011100,00110000001,0011000100,0000000110011,100010010,100010,100110,1001,001,00,0000000101001,00,0,
01101100011,0000000101001,0010000100,1100100,0011000100,0011000100,0000100111001,10000010011000,1000010011000000100,10011,101,00,000,1,
1110110001100,0000100110011,111100,0011000100,01100011,000011000,1000000,00010,1001,001,00001,
0001001001100000,00000,001000000100,0001100,0011000100,1011000100,00000011,000010,100010,0001111,100000,001,000,000,00,0,
000000011011001,001000000100,00000,000100,0000000001011
01011001000000,0000100011101
00011001100000,0000100010001,001000000100,01011001000000,0011000100,100000,00000011,1000000,000010,10010,1001,0011000100,00,00000011,
10001001100100,100000,001000000100,101001,0011100010,000011100,1100010,00000011,010,1011100,00010,00,00,
111011111011,001000000100,001000000100,01011001000000,0011000100,
010100011100011001100000,0000000101001,00110000011,00111000011,10111000,000011001,0011000110,0011000110,01010,100110,00011,00,1000000,01100011,0,
11111001001100000,00000,001001100100,1011100,0001,1000010,0011100,00100,00010,100000,00010,100010,0,
11100010,1000010,001000000100,00110000011,0011000100,
0101100111011,0000100,001000000100,00111100011,0011000100,
10001001100100,0001000101001,001000000100,00111100011,0011000100,000011100,00000011,1000010,01100011,100000,1001,000,00,00,
01010001,00001000111,001000000100,00110000011,00001,0000,01100011,1000110,0011000100,00001,0001,
00011001001100,0000100111011,001000000100,01000000010,100000,00000011,1000000,0000000,0000000,100010,101011,1001,1,
00011001001100,0000100111011,001000000100,000111100,10110000011,100000,00110000001,000010,0000000,100110,10010,1001,0,0,0,
10001001100100,0001000101001,001000000100010,01010,00000,00001100101000001111010,1100010,100110,00011,0001,00100,00011,
010100011111000011011000100,001000000100,01011,001111000,01100011,0,000010,01000,000,000,1001,000,
,00110000011,010001100001000000100,00000001,0011000100,0011000100,000010000,0010000100,1,01010,1001,000,00,00000011,00,0,
110011000,0000000001011,001000000000,0010000011,000011100,0001,000011000,100010,10010,100010,000,00,1,
0101100010,0001000101001,00111000011,00,0011000100,0,1000100,0,000011001,11011,00111100011,01011,1000100,,0,
00000001101100,000010000,001000000100,001000000100,011000000100,000011100,0011110001110010,1000010,1000010,1001,1000010,1001,0,
01011001000000,101000110101000100010,0000000101001,0010000100,11100,01100011,0000100111001,000010,1000010,1001,000,00,0,
11001001101100,000011001,001000000100,000010000,0010000100,000011001,11100011,0000100111001,100110,00001,1001,001,00,0,
10001001100100,0001100111011,00110000001,00111100011,0000100,000010000,
01000001100000,010,011001000100,0011000100,
000110010111000,0000000101001011,1011000100,0011000100,000011100,00111000011,,100010,100110,00,00000,000,00,100100,
110001100011,01100,001000000100,01100,0011000100,0011000100,0010001010001,1000110,0,00001,1001,000,00,0,
010001001,0001000101001,0001100111011,10100000011001,1000100,000011001,0011,11100011,00000011,00011,100000,001,1001000,00,0,
111011,0000100,0,000,111101011,000011001,000011000,1000110,0,10010,100110,11,00,0,000011001,
01011001000000,00001000111011000100,00110000011,1011000100,0010000100,000011100,01100011,0001100,100110,000,0001,001,00,0,
01010101101000,00011,001000000100,0011000100,001111000,11100011,1000000,000010,1000100,1001,0011000100,1001,1,
00000001010,000011100,0000100000,00100011,00110000011,10000011
01011001000000,0000,0001100,001000000100,0011000100,0010000100,000010000,01100011,00011,100000,00001,01011001000000,1000110,00,0,
010110111001000100,00110000011,0000000110011,1100100,0011010,11100011,1111,00000011,100110,0001,0001000101001,1001,010,0,0,
000011100000,100110,0000100111001,1011000100,0001,0000100111001,01100011,
00110000001,0000000110011,0001100,001000000100,000100111100011,000011001,01100011,000011001,100010,010,1001011,00,0,
11100011,000100,011,11,00110000011,00100001111011,00111010000011011,0000000,1001,01011,1001100,0,00,00,
0101100100000001000001100,001110110011,00110000001,00000011,100111100100,1000010,0000000,11100,100010,000,1001,001,00,0,
01011001000000,0000100011011,001,111100001,11100011,001111100011,000010,11,1001,0000000,000,0,00,0,0,0011000100,00111000011,1001,0100000011000,0001111011,1,00000001,00010,,
1011001100100,10000011,11100011,0,0011000100,000011100,00000011,1000000,000010,1001,1001,000,10100,00110000001,
11000000100100,0000100110011,000011000,001100011,00100000010000,001000000100,00000011,00001,01010,11,00,1011000100,00,0,
100010000010011100,101000010,0001100111011,0011000100,00110000001,00100011000011101110011,1011,0001,000,000,001,
11110010,010100,001000000100,0010011100,00000,000011000,00000,01000,01011,1000010,011,00,1,
01010001110000100111001,001001000100,1010011100,00100100010,0011000100,0011000100010,00000011,0001100111011,1001,1001,1001,000,00,0,
01011001000000,00001000111100100,1,0010000011001000100,1100100,001001000010,0000000,0011000100,1001,1001,00,001,00,0,
00011001100000,0000000101001,001000000100,00111100011,101110011100011,001100011,01100011,1000000,100000,01001,0001,1000000,00,000001,0,
01000001111010,10000011,000,011000000100,11,,1000110,0010000100,010,0000000,00010,1001,000,00,0,0,0,01001,,010001,,0,,0,
,000100,0000000101001,0011,100000,1000000,011000000100,0000000110011,
00011001100000,000010010010,001000000100,1010001101100,000010000,0011000110,101100,0000000,00010,1001100000,01011,
000110001011001000000110001000101001,001001000000,001001100000,0011000011100,01100011,00011011,1000010,1001,000,1001,000,100111100011,
010010111011,000111000,00111100011,00111000011,,0011000100,01001,000000110101100,011,1000100,00000011,0001000101001,1001,00000011,00,
0110001100011000000100,1,001000000100,1011000100,00111100,01001,000011000,100100,1010000000,0001,0011000100,1001,000,0,0,
111011101101100,0000000101001,001000000100,1011000100,001111000110011101100,0011000110,1011000100,100110,0000000,000011001,001,00,0,000,0,
0000000110000011,111,001000000100,101100,0011000100,0011000100,00000011,1100,01001,,000010000,100110,001,00,0,000011000,0,00111100011,00111100011,1001,0,0011100,0000100111001,000011100,0,000010,
01010001111100,0000100110000011,00110000011,0010000100,100110000,
00011001001100,0000100000000011001100,00110000011,0011000100,0011000100,101100,00,0000000,00010,1001,000,00,1,1000000,0,
00001000100,000,001000000100,00111000011,0011000100,0000000,1001,011,00010,010001,1001,0001100,00,00,
11111100,101100,001000000100,00,101100,
111000011100,101011,0000000101001,0011000100,00100000011100,000011000,1000110,00000011,0000000,0001,00010,1001,010,
00010001100011,00001000000100110011,00110000011,00111100,11011,000011000,00000011,1000010,000011000,101100,1001,00111,000,00,
01000001111010,0000000110011,1100001,00,11100011,00011,01100011,00011,00000011,1100011,1001,000,00,1,0,0,
11001001100000,10010,0010000011,0001000101001,00111100100,01011,00110000001,100010,0000000,0000000110011,000,1001,0,0,0,110100,000011001,01010,000,000,000100,000011000,001000001100,01010,00011,10000011,10000011,00000011,0000100,001,000,010,100010,,,0,0,10010,100000,001,000,0,
01011001100100,0001000101001,001000000100,00111100011,0011000100,000011100,00000,000011000,000010,000100001000101001,01010,1001,00,0,
010,0000000001011,1000100,0010000000011,0011000100,01100011,00000011,00110000011111000001000101001,1000010,100010,000,1001,001,00,0,
010000011000001100,00011001001100,0010000100,0011000100,000011000,00000011,000011100,0001100111011,10010,1001,11011,00,000011000,00,0,
11000,101001,001000000100,00,0011000100,
0001000001000101001,0001100111011,001000000100,00111000011000010,111010,00000011,00000011,0011000110,1100011,1000000,000,00,000,
0101100010100011,010,000011001,001001000100,00000,111,000011000,000010,0000000110011,100010,10100,00,1,
010,0000100011,001000000100,,00,0010000100,1,0011,111,0000100,00001,0101100,001,00,0,0,0,
11001001100000,1001100,01011001000000,01010001,00110000011,00111100,00000011,1000000,0001,00001,01010,1001,00,1,0,0,
0000100111001,1001,000,00111100011,1011100100,00110001100,01100011,1000110,1100011,11,00000011,,,1001,0100,0,0,
100010011000,0001100111011,001000000100,00111100011,00010,11100011,00000011,00010,0000000,01010,0011000100,101011,00,000
00011001001100,000111000,001010001,00110000011,0101100,111011,010001,10000000,1,100010,000,00,000,,
11101111111100011,001000000100,00111100011,0011000100,001111000,0,000011000,100010,11100,1001,000,00,00,
00011001100000,0000100010001,001000000100001,1011000100,01010001,101100,0011,1000000,01000,00001,0001,011,00,0,
000000010001011001000000,100000,00111100011,0000000110011,0011011000000100000011100,00000011000,1000010,1000000,01011011,01000001111010,000,1,
01011001100100,0001000101001,001000000100,00111100011,0011000100,000011100,1,000011001,00111000011,000010,1001,000,10100,0,0000100100100,
010010011000,0001100100000,,100000,100100,0001100110000001100,101100000011000,00000011,11100,100110,1001,1011100,00,
01000001111010,01000001111010,000,01100100110,00111100011,00110000011,11100011,100010,00000011,100110,1001,0001100100,00,0,
010110000000001,0000000001011,001000000100,000100,0011000100,0,00000011,1,00001,1000010,1001,10010,1,000,
00000001101100,0000000101001,001000000100,0011100,0000000101001,010001,11100011,1000110,100110,00001,1001100,10000011100,0,0,0,
00011000101101100,1100100,001000001100,0011000100,0011000100,01100011,
01010001111100,00011001100000,00110000011,00110000011,00001000011000,01000001111010,1000010,000011001,0000000,1,10010,1100011,0,
01000001111010,0000000110011,01001,001000001100,0011000100,01100011,0101,01000,1000010,101,1000010,00010,1001,
10001001110011001011001000000,0010011,00111000011,0010000100,0011000100,000011000,
1110001100,0001000101001,0010000100,00111100011,001000000100,01011001000000,000010000,01100011,100010,1000010,1000100,011,1001,1001,00,0,
00000000000101001,0000000001011,001000000100,00110000011,0011,000011000,01011001000000,111,000000110,0000000,1011000100,111,1001,100100,0,1100,
000110001101011111010,011,00111100011,1100100,10011111000111000,0,011,1000000,100000,00110000011,00,1000110,00,
0001000101001,00111000011,000011100,011000000100,11100,0011110111100,0011,000011100,000011100,0000000,0001,11000,00,1,00,0,
011,1001,001,000011001,111011000100,000010000,00010,01100011,00000011,101100,00110000001,01100,1001,0,
11001001100,000011001,0001100111011,1100100,0011000100,00000011,1001,0000100010,00000011,00011,1001,001,00,,00,0,
10001001100100,011000000100,001000000100,00111100011,0011000100,00100011,00000011,1000000,100010,00010,100000,000111000,1001,1,00,0,
0000010,000110011101111100,00111100011,0011000100,00111100101100,00000011,1000000,1001,1000100,0001,001,1001,1,00,0,000010000,0000000101001,0011000110,000,00001,1001100000,00000,00010,0000100111001,00,,
01010001111000010,0000100110011,00110000011,0100,000011001,0011000100,000011000,100110,10010,100010,001,100010,0,
00011001100000,0000100111001,00111000011,001000000100,,0011000100,00100011,00000011,111,100110,00001011,00010,1001,0,
000011000,01010,0000000101001,00110000011,00000,0011110011100,0011000100,001000000100,100110,0000000,10011,001,00,001000011001,
0101100
00011001001100000,101011,00111100011,0001,11010,11100011,1000010,01010,000010,100010,011,100101011001000000,1,
0101000111110011011111001100,00110000011,0011000100,1011100,000010000,000011000,000010,0,100100111000011,0000000110011,00,1,100100,
10001001100100,0000000001011,001000000100,00111100011,00110001000011100,1000000,001001000100,00100100000,00001,101,011,00,0,
1011000100111000,0000000101001,00111100011,01010,00111100111,000011000,1000000,0011,00011,0001,0001100111011,1001,0,00,0,
00011001100000,0000101011001011000100,01100011,1,001111111100,000010000,00000011,00100011,01010,011,00,0,0,0,
00100001000001000101001,00001001100,001000000100,1011000100,01011001000000,000011001,0011,1000000,00000011,1000100,0001,01011,000,00,
01011001000000,1000010,0000100111001,0001100111011001000000100,00111100011,000010000101101100001000000100,101001000010,01000,1001,00010101,00100000010000000,10100,0,
00011001001100,0000000001011,001000000100,00110000011,1000110,0011000100,01100011,1000010,100010,11100,1001,,000,1100110,,
00011001100000,0000000001011,11100,001000000100,0001111,0100100011,1011000100,10100101,10010,100010,01011,1001,0,
010100011001100,01000001100,0000,101000011,000011100,1000000,1000110,0000100111001,01001101011001000000,000,1001,0,000011100,0,
11001001101100,0000000101001,001000000100100110,001000000100,1100,000011100,00000011,100010,00110000011,1001,,10010,00,1000110,
00011001100000,10111011,001000000100,01000,0011000100,0011101100,1011000100,1000000,100110000010,01000,01100,1001,1,0,
01010001110000,11100,0101100,00110000011,1001,0000000110011,01000,010,100000,01001,00110000011,1001100010,
00000001010011100100,0001100111011,001000000100,101000000100,001,001,01100011,1000110,0011000100,1000000,1001,00011,00,1,
100010000110000011,000,001000000100,00110000011,0011,0011000100,00000011,0000000,100010,,00001,100010,00000,000,000,
01000001111010,0000000110011,01100100110,10000011,0011000100,0010000011,1,
00000001101100,011000000100,001000000100,0000100111001,0010000100,000011001,00111100011,00011011,0000000,1001,00010,1001,0,00,00,
010110001011001000000,00111000011,000011100,1011000100,011,111,1001100000,01010001,01011,1000010,01000,011,1001,0,00,0,
01011000101000111,011001001100,00110000001,01010001,0000000001011,000010000,100100,00001,10101011,0001,001,00,1,
0000111011000010010001101010001011001000000,0001010,0010000100,000011001,1001100000,11011,00,0000000,0001,00010,00,000,0,
00011001001100,0000000101001,001000000100,1010010000000011,0011000100,0011000100,1000000,0000000,0001000101001,1001,000,1001,100000,
1100011,0000000101001,0000000101001,00111100011,00111000011,00111000010,01100011,00001001100,100100,0000000,00111000011,00010,1001,0,
11000000100111001,00110000001,0001100111011,00111000011,0011000100,01100011,01100011,1000000,100010,101,100010,000,00,000,00,0,
11100,1011000100,0000000101001,00110000001,1011000100,0010000100,000011001,0101100,11011,100110,11011,100110,001,0,1001100000,00,0,
11001001100000,0001000101001,01000,001000001100,0010000100,11011,10011,00011001000000100,00010,1001,000,00,0,00,0,
0100111100011,0001000101001,001000000100111001,1011000100,0000100111001,000011001,01100011,0011100,100110,1000100,00011,1001,00,0,
1100011,0000100111001,0000000110011011,0000,000011100,1011000100,111011,1000000,11000,1000010,01000,01011,00,1,0000000,0,
0100000110001100,0000100000110011000001011000000,00011,0010000111000011,1011100,001001000010,1000010,1001,000,1001,0,
0001100111100,0000000101001,00110000011,100100,0,01001,000011000,1000110,00000011,1100,0001,1001,0000000110011,00110000001,
100010011001000000100011000000100,001000000100,00111000011,0011000100,000011000,00000011,0001100111011,00,000011001,1001,00011,00,000,
00011001100000,01010,001000000100,011000000100,1011100,
01000001111010,0000000110011,011001111001100,0011000100,0101100,00,001,100010,1000010,100000,10010,00,0,
00000001101100,0000000101001,001000000100,00110000011,01011,000011100,0000000101001,1000110,01001,00001,0001,1001,00,0,
11001011000100,000,000,010001,00011001100000,1000110,000010000,000011100,10010,000010,1001,00010,00,1,000,01100011,
000110011101100101000,0000,00110000011,101110000111000011,0011000100,00110001100,
0101011000000100,1010001010001,01100,00110000011,001000001100,00000011,1000010,000010,00000001,1001,000,000,0,00000011,0,
01010001111100,00,1000100,00111000011,
01010001111100,00001001011000100,10100011,00111000110,00,00000011,00000011,10010,1001,00010,1001,0000000110011,00,0,
01000001100000,11100011,00111100011,1011000100,001111000,01100011,1000110,100000,0000000,1001,00010,1001,100000,
00011001100000,0000100111001,01100011,001000000100,000011000,0011110000,01100011,01011,00000011,0101,100110,00,1001,0,
111010100011100,0000100110011100,,00000011,00100011,0000100111001,1000110,01100011,00100100000000100,01100,000,1000110,
100010010100001000111000,100110,111011,0011000100,0000000,00000011,1000000,1000010,1110111,000011100,011,00,000,010,0,00000001,00000,1001100,1000010,00100,
010010000011,1011000100,001000000100,01000,0011000100,000011000,00000011,00000011
0101000111100011,0010000100101100,000010000,1,001101000001111010,001110011000,1000000,00000011,01001,0001,001,00,00,
01011001000100,
00001100100,0000000001011,001000000100,00111100011,0,1000010,0000000101001,0001100001100000110000001,10000100,01010,10010,1001,000,
01000001100000,011001001100,0110001011001000000,0010000100,000011001,1000110,010,00,
01011001000000,0100,10011111000,00110000011,0011111011,11000011000,010,000111000,00010,01010,0,00,0,00,1,
10001001100100,0000100,001000000100,010001,00110000011,000011100,
11000011100,10010,00100111011,1011000100,0000000,000011001,01100011,1000100,100110,00001,0001,001,00,0000,
00011001001100,000010000011,000,10111000101100,0011000100,000010000,0000100010,00000011,0000000,0011000100,000011001,1001,010,00,0,
01011001000000,100110,0000000101001,001000000100,0000100,0010000100,0011000100,0011000110,0000,100110,01001,1001,001,00,001000000100000,00011000100,
010110001011001000000101100,010111100100,00110000001,0011000100,0011000100,00010,000011100,1000000,000,01010,000,00,01100,0,
110001011010001,0110010101011,1,0010000100,000011001,0011,00011,100000,01001,1001,101,,000,
01011000101,0001000101001,001000000100,00111000011,01010,001111011,01100011,010,00000011,000010,0011,00,000,
1100100110000000110011,00110000011,01100011,00,011000110100,01100011,0,1000000,01011,100000,000,00,000,
01010001110000000110011,011000000100,00110000001,00110000001,0000000,100110000000001011,1000000,11100011,10010,100010,000,00,000,00,0,
00011001100000,0000100111001,0000000101001,001000000100,001001001100000,00110000011,11100011,00000,000011100,000010,1001,01010001,1001,0,
01011001000000,0000100011010010,0,0011000100,00011,000011100,100010,00000011,01011,1001,000,000010,1,
10001001100100,0000000001011,001000000100,00111100011,0011000100,1011100,0011000100,011,00000011,000010,100000,000,011000000100,000,000011000,011100,
0001000010010110011000100,01010001,0010011000,001111011,01100011,00110000011,100110,00001,
0101100111,01001,1001100,00111000011,0011000100,001100011,00000011,1000000,100000,11100011,0001,011,00,1,0,0,
01010001111100,00001001011100001000000100,00110000011,0010000100,1100,0000,1000110,100110,00010,1001,001,00,0,00,
111011001001100,1001100,1001100,1011100,0010000100,000011100,00111000011,00000011,000010,00010,1001,1001,1001,0,
01011001000000,0000000001011,0000000001011,00,0001100,,01100011,11100011,0001101100,00000011,10010,00011,1000100,00,0111100,100100,
010001011000011001,1010001000001111010,1000000,00001,00010,10000011,00000011,000010,0000000,1001,011,1001,000,00,0,
010110000010,0000000001011,000011001,000,00111011100000011001,00001,1000100,100010,00010,0101100,00100,000100001,00,0,
1100111001100000,011000000100,01010001,1011000100,01010001,000011001,01100011,
01011001100011100,0000000101001,01010,00110000001,,0101,001000001100,00000,100110,01001,0001,001,0010000100,001,00,0,
1100000111000,0001100111011,0010000100,0000000001011,0001000101001,0000100111001,000011100,000011000,00000011,00010,1001,011,00,0,
10001001100100,0001100111011,001000000100,00111100011,0011000100,00110000001,00000011,1000000,00010,11011,100000,000,00,1,
11001001100,0000100110011100011,00111000011,0011000010000,1000100,00110000011,101,001,100000,1001,00,000,
00011001100000,0000000110011,000010000011,00111100011,0011000100,00010,00000011,1000010,0001100111011,01010,100000,000,00,00,
01010001110000000110011010,01100011,11011,0011000100,
010111011000010000100110110001000101001,0011000110,01100011,0011101100001100110000001,1,000010,00011,1001,001,00011,00,0,00,10100111000011,1001,000,0001000101001,0,1100,000,
11100101000,10001001101100001,00111000011,10100011,00110000001,1000010,1000000,010001,100010,00010,00,0,00,0,
00011000011011000100,0000100111001,011001011011000011000100,000010000,01100011,
010110011001001000100,001000000100,01011,0001100101,000011001,000011100,000111000,1000010,0001100111011,1001,000,00,001000000100,
010110010100000000011100100,001000000100,0101,01100011,1100011,000011100010,00000011,101010001,000,1001,1001,000,00,0,
01000001100000,00111000011,001000000,00000001,0001,00110000011,000011100,00010,10010,00000011,000,1001,0,
00001001011100,0000000101001,001000000100,1011000100,0010001010001,0110001100000011,00011011,0000000,100010,1001,00,001000000100,
010011011,0001000101001,00100011,010000,10110011011,010001,00110000011,00000011,10010,1001,0001100,00,0100,00,
00000001010010011100,1100011,,000,10111000011,0011000100,00,
1100100,0001000101001,0000100111001,001000000100,0011000100,0010000100,000011100,01100011,00110000011,1011000100,000010000,0001,01011,00,0,
00011001001100,0000000101001,001000000100,1011011000,00110000011,000011100,00000011,100110,00010,0001000101001,000,00,0,00,0,
01000001100000,00011001011100,00111100011,0000000,1001,0000100111001,1000010,1000010,000010,01000,0001100,1001,000,1001,0,
10001001100100,0001000101001,001000000100,0001000001,1011000100,101100,01001,1000110,100110,00001,001000000100,001,
000100001101100,0000000101001,001000000100,111101011001000000,000011100,1011000100,10000011,10011,0000000,0000000001011,00010,1001,001,
0000000110110000001,0011000100,01100,00110000001001000000000,0000000001011,000011000,000010000,00000011,01011,1001,1100,00,
011000110001101100,0000000101001,001000000100,00110000011,00111000100,0000000001011,1000010,100000,01010,1001,000,00,0,00,010,
001110011111011,011000000
010110010000011,1001,001000000100,000,0011000100,0001100,00000011,1000010,100110,000010,100101000,000,0,010,000,0,10011,0000000,0010000100,0000001100,
00000001101100,0010000100,011000000100,00100010001,00110000011,0011000100,0000010,100000,1000100,1001,101,011,00,
00011001001100,0000100111001,001000000100,0000000101001,111011,0011000100,00000011,000011100,100100,01010,1001,011,00,000,00,000111111000010,001000001100,000,
11100,00001000101000011001100000,111011,01000,001111000,10000011,000011000,100010,011000000100,1001,000,010,0,10000011,
1111100100,0001000101001,001000000100,00111100011,0011000100,0000111000,01100011,011000000100,00000011,10010,0001,001,00000011,,00,
0000000,00110000001,0011100,011001011100,0011000100,01011001000000,00010001010010101,1000000,00000001,1000100,0001,001,00,0,
00010,000010011000000100,0010011,00110000011,0011000100,1001,00,01000001111010,10010,1001,000,00,000,00,0,
11001100100,0000000001011,001000000100,00111100011,0011000100,10110011100011,000011000,0001000101001,00000011,000011100,1001,010,00,00,
11101000001100000011001,000011001,01100,00110001000010000100,00011,01100011,1000000,100110,00001,000011100,01010,00,0,
10001000000000001011,0000100010001,000,1011000100,0011100110,00111000011,00110000011,000010,000,1001,000,0,0,
01011001000000,0000100111001,0000000110011,01100011,1011000100,011,000011001,01100011,1000110,100110,1000100,0001,00010,1011100,0,
0100000111101000000011,010001,00100000010011,1,0011011,00000011,1000000,1011000100,101100,100000,1100,00,10010,001000000100,0,
0000000110000000110011,0000000101001,00110000011,1111,000111000,00000011,1000000,011,01010,01010,011,00,001,
0101000010000,001000100,0010000010,10100,100010,000010,00000011,1000010,10010,0000,1000000,00,000,00111100011,0,
01000001111010,00000001100110,001000000100,1001100,0011000100,000011100,0011000100,000011000,0000000,00010,0000000,000,1000000,1,
0001000000,1011,000010000,1111111100011,0011000100,1011000001100,0011000110,0000000,000011000,1001,00,010,00,0,
01000001111010,000011001,0000000101001,001000000100,11100011,0010000100,100111011100,0001100,11000,01000,100000,101,00,000,00,0,,00111100011,0000000101001,01010,000010,11100011,000100,100100,00001,11100,1000000,,00,0010001000,0000100111001,0000100,1100011,11100011,10100,00100,01000,
10010,0000000110011,011000000100,1000100,00110000011,00111100,10011,11100011,00000011010,00001,1001,011,00,1,0,0,
00011001011100,00010,001000000100,0001100,0000000,000010000,01000,00010,000010,10010,1001,011,00,1,00,0,
01000100110011000,1001100,00110000001,10100,000010000,0101,01000001111010,0000000,00010,0101100,0001100,1001,10010,100000,0,
1001100,000011001,011000000100,001000000100,00110000001,0010000100,000011001,00011001100000,11100,111011,0000000,01010,00010,00,0,00,
01010001111100,0000100111001,00110000011,0011000100,001000000100,000011100,001111,000011000,10010,1001,0011000001100000,010,000,
000011000110,0000000001011,001000000100,00111100011,0011000100,01010,00000011,1000010,000010,00010,10010,000,00,000,0011000100,0,
01010001111100,000100,0010000110000001,1011100,00110000011,01011001000000,000011000,001,1000010,1001,00111100011,1001,00,
00011001100000,000010000110000001,001000000100,1011,1011000100,1100100,11100011,0101,100000,010,1001,000,111,
01011001000000,0000100010001,001000000100,000100,0011000100,
00011001100000,0000101100011,001000000100,01000,,001111000,,00110000001,010,00010,00,0011000110,,0000000110011100110,0,000010,0,000100,100100,000111000,001,1000100,
11001001100000,0001000101001,100000,000100,0011000100,001100111100011,0011,000011001,00000011,01011,000100,0001100,1001,,00,
0001000101001,0000100011011001011100,00000011,000011100,1000000,000010000,000011000,100000,10010,1001,00011000111000,1001,1,
00011001001100000,0001000101001,0010001100,00111000011,0010000100,1000010,0,00011011,0000000001011,100010,000,00,0,00,0,
1100111011,01100011,001000000100,00111100011,0011000100,0,0000001100110000001,1000000,100000,0000000001011,0001,,00,1,
10001001100100,0001000101001,001000000100,00110000001,0101,10010,000010000,11100011,10010,10010,0000000,000,1001,0000,
01011001000100,0000000001011,001000000100,0011,001100010011,000011001,01100011,1000000,
00011001100000,000100,011000000100,0000000110011,0011000100,0011011,00000011,1000000,01100,101,0001,1100100,11100,1,
11001001100000,0001000101001,001000000100,0001100111011,000011100,0011000,011000110111100011,00000011,0101100,0000000110011,,1001,0,00,
010110001000001111010,000011000,0001100111011,10000011,0011000100,0011101100,00000011,1,000010,1000100,1001,000,11,0,
010100001000000000110011,001,0110000110000011,00000011,001111011,0010000100,101001100011,000010,1001,1001,00,000,
00011001100000,0000100010001,001000000100,101010001,0001,000011100,0000000101001,
1001100000,0000100011,001000000100,,001001000100011001100000111011100,01100011,0001100,000,00001,0001,,,00,0,
00011001100000,0000,001,001000000100,00110000011,0010000100,01100011,01100011,11000010,01011,1001,000,00,0000100111001,0,
100010011000,0001100011,100110,110011000110,001111,00000011,000111000,00000011,0000000,1000100,0000000,1001,011,
01001100100,0001100,001000000100,00110000001,00000,1000110,10000011,1000000,100010,100100,1010100,000111000,1001,1,0,0,
00010000101000101000110110,111100111100011010,00100011,1000110,10000001000,100000,011,00,1,100010,
11001001101100,0000000101001001000010011,0011000100,0010000011000000000,0011000100,000011000,000010,0000000,1001,0,00,0,00,0,
00011001100000,0000000110011,0000000101001,0011100,111101011,100110001100,01011,00010,10010,100000,000,1001,11100011,
10001001100100,0010000100,001000000100,00111100011,0011000100,1000010,01100011,1000010,00,00010,100010,000,00,0,
1000100010101010,0000000101001,0010000110000011,000011100,0001000101001,1001100000,00110000001,100100,1000110,100010,00000,1001,0,
00000001000000010000100111001,000011000,001001000000,00110000001,001101011,0000000,1100100,100010,01001,1001,,11000,1,0,0,
00111001100011,0001100111011,001000000100,0001000101001,0011000100,1011000100,000011100,1001100,1000010,000011001,10010011,000,1001,001,
00011001100000,0000100010110100000111000,1010000000011,00111100001000000100,01100011,000011000,000010,010,1001,000,00,00,0,01100011,
11001001100000,01011001000000,0001000,1111,1100,00,000011000,00000011,000010,1001,1001,1001,1000010,000,010001,
00110000011111100,0000000101001,1001100,000,0010000100,000011100,11100011,111,100110,01001,1100,101,00,0,00,001000000100,
00011001100000,000011100,00011001100000,001000000100,00110000001,00011000100,1,1000000,011,11100,01000,00010,00,0,00,0,
01011001110,01100,111,0000000110011,,0000,000011100,0000,0000000,010001,0100,011,00000011,
10001001100100,0001000101001,001000000100,00111100011,0011000100,000011100,00000011,0000000101001,00100,1001,000011000,000,00,1,
01011001000100,0001000101001011,01100011,1111,0011000100,000011100,000011000,0000000,100000,1001,000,00,1,
100010011100011,1010000000101001,0010000100,00111000011,0010000100,000011001,0001100111011,1000000,100110,0000000,1001,001,00111100011,0,
01000001100000,0011000110,1100100,00110000001,,,0011000100,0,01000001111010,00,100010,0001,001,000,,0,11,0,100110,100010,0,0000000101001,00010,0,,0100111,0,0011,
00011001001100,00001001100,00111100011,1001,,101100,00000011,0000000110011,01000001111010,01010,1001,00010,00,0,00,0,
0100010,10110000011011,0000000101001,0011000100,0011000100,00011001100000,1000010,100010,1000010,1001,000,1001,1,0,0,
11001001101100,11000,1001100,0011000100,00111000100,01100011,000011000,00111000011,0000000001011,0010000100,00001000001111010,00,000,
01011001100100,0001000101001,001000000100,00111100011,0011000100,000010000,00000011,000110110001100,0000000,10010,00010,1001,1,
1111001100000,0001000101001,001001000100,001000001100,00110000011,01100011,
01000001100000,000100,001001100100,0011000100,1001100000001,000011100,000011001,1001,10010,100110,0011,1001,0,
010100000,0001000101001,001001000100,00111000011,01000,11011,0011,1000000,100110,1000010,1001,0,1001,0,00,
01011001000000,0000000001011,1100100,1000110,1011000100,1000000,11000,01100011,00001,
10001001100100,01000,001000000100,00111100011,0011000100,0000100000101100,10100011,1001000010000100,101,10010,001,00,0,
1110100010,0000000101001,110,0011000100,00110000000001011,00000011,00,00000011,10010,01010,001,00,1,
11101000001100000,001000000100,00011001100000,0011000100,0011011,10100,000011100,00000011,0000000,0001,01011,10011000100,
00011001100000,00001000001000101001,001000000100,00111000011,0011000100,000010000,00000011,000010000,10010,0001100,1001,011,00,001,
00011001001100,0000100111011,000,00000011,0010000100,0011000100,01100011,1000110,00000011,0000000,0011100,011000000100,1001,00,00,
01010101101100,0000100111001,1001,1001,0010000100,000011100,01100011,
01001100100,0001000101001,001000000100,0000000001011,0011000100,000111000,1100100,1000000,0000000,010000,0001,00010,1001,010,
1000100100000,0001100111011,001000000100,100100,101,0011000100,1001,1000010,1000010,001,1001,000,00,0,00,0,
00010000101000,0000000001011,011000100,0001,001101010,0110001101100011,100010,0011010,1001,1001,,1,00,0,
01000001111010,0000000101001,000,00110000001,00110000011,000011000,000011001,11100011,111011,1001,10010,01010,1001,,000,
00011001100000,0011100,00000001010010010000100,000011000,00000011,00110000011,0011000100,1000010010,100000,01001,1001,1011000100,00,0,00,0,
00011001000000100,0000100111001011,0000,0000100000011,0000000110011000,11,0000000,100110,00001,1001,101,00,0,00,0,000010,0011000100,101,10010,1000110,000011000,10000011,1100011,00,0,,10100,10011,1,000,0,101100,001000000100,100000,,,0,1,01000,100010,
10001100110001100,0000000101001,0000000101001,01011001000000,0010000100,001000000100,01100011,0000100111001,100010,1000100,0000100111001,00000,001000000100,0000100,
01011001000000,000010001100011,00000001101000111000,100000,1001101011001000000,00111100100011,0000000,01000,1100100,1001,0011000110,00,0,0000000110011,0001100,101,1,0,0001,1001,,000000010,1001,100110,00111000011,000100,1011000100,00,0,001,100110,1001100000,,0000100,
01000001111010,0000000110011,01100000011100,10000011,0011000100,0011110110,1000010,00000011,11,0000100111001,011,00,00,
0000000,000010001011001000000,001000001100,00111000011,01011001100010,00000011,000,010001,00010,1001,1000100,01011,011,,0,
10001001100100,0000000001011,001000000100,00111100011011,10000011,000011001,01100011,1000100,100110,0000000,100000,100000,1001,0,00,001,
0001100011011,011000000100,0011000110,0000,0010000100,101,0011000100,000010,01010,100010,011,00,001,,
010110011000,0000000001011,001000000100,00111000011,00010,00110000011,0,011,100010,000010,01000,000,00,0,1000010,0,
0000000,0000000001011,000000011001110011010,1000000,00100001001011100,0000000,1000010,100100,00000011,000011100,000,00,0,00,0,
1000100011000000000110011,0000000101001,00100001001100100,00110000011,000010000,1000110,
010100010101100110,100010,000010000,00111000011,0011011000000100,100110,0000,0000000,000,1001,00010101,1001,
11011,0000100011000,00110000011,,0011000100,011,00000011,1000000,0000000,00010,100010,01011,100100010,0,00,0,100110,0000000,00110000011,01011,00011,0000,000,01001,100010,00,,0000000110011,000010,0011000100,1001,001101000001111010,000111000,
0001000101001,0000000001011,0001000,00111100011,0011000100,0011101100,00000011101111,100010,001,1001,101,00,1,
00011001100000,001000000100,1011100,001000000100,1011000100,00000,101100100010,000000,00011001100100,11,000,00,0,
11001001100000,0001000101001,00010,00111000011,0011000100,000011000,10000011,1011100,01000,1000010,1001,1,1001,001,,000,0,
00011001100000,0000000101001,0000000101001,1000000,01010,0010000100,000011001,1100011,00110000011,00110000001,1001100000,0001,,00,
0101000,0001100111011,001000000100,00111000011,0011000100,001110011111,1000000,100100,01010,00000011,00010,1001,0,
10001000101000101100,0000100001000000100,00110000011,0011000100,0011000100,000010000,00000011,0000000,100000,100000,011,00,,1,
010001000101100,0000100
00011001100000,0000100010001,001000000100,101110111111011,0011000100,0001100111011,1001,00000011,1000100,1001,011,1001,010,
010110000101000,0000000101001,011001001100,1000000,00110011000100,0,000011100,100110,1100011,000100,001,01100011,0,
100010011000,01000,0001000101001,10100100100,00111110,0011,010,00,00001,1001,0,00,0,0,0,
01011001000100,1,00110000011,00111000011,00011001100000,0011000100,0001,
000011000,0000100011,001000000100,01100,0011000100,001100011,01100011,1000000,100000,00001,1001,,00,0,00,
01010001110000100,0000000101001,001000000100,00110000011,0010000100,000011001,00110011000110,1100,01010,1000010,0000000101001,00,001000000100,00,0,
01000001111010,0000000110011,011001011100,00110000011,0011000100,00011,00000011,000110110,01000,0001,01011,00000011,0,
01011001000000,000011001,0000,1000010,00110000001,00100001000001100,000100,1000010,00111100011011,01010,000,1001,0,
00010001000,10010,000,00,0011000100,1000110,
000110011000001100011,0000100000100,1011000100,11,11000,11,0010000100,01011001000000,00000011,00001,101,101,1001,001,
00011001100000,00110000011,0000100111001,11,00110000011,0010000100,1000100,01100011,1000000,100110,
01000001111010,0000000110011,1001100,0000000001011,1001100,0010000100,000011001,0011000110,1001100,00000011,00001,01010,001,00,0,00,,
01011001000000,100110,011000000100,0000100,00111000011,0011010,0011000110,00000011,000010,000010,1001,1001,,,1,
0000101100011,0000000001011,001000000100,00111100011,01011001000000,0011000100,1100,010,100100,000,1001,,001,
00011001001100,00000001100110,1001,0011000100,00111000011,
00010000101000,0001000101001,000,0011000100,0011010,01100011,
00011001001100,000,001000000100,0100,0011000100,0011100,000010,1000010,10010,1011,
000001000001111010,000111000,001000000100,01000001111010,0011000100,1000000,1000110,1000000,0,100110,0011000110,01011,1001,0,
01000001111010,0000000110011,0110000110000011,1000010,0011000110,11010,01100011,00011,1001,10010,,00111001100,00,0,00,0,
01011001000000,0000100010001,100110,10111100011,00110001101011000100,00100011,1000000,00000011,000010000,0001,0001100111011,00,01100,
00011001100000,0000000001011,00011001100000,00110000011,1010000000,0001000101001,0000100,01011,11011,1000010,1001,1011000100,1001,000,00,0,
1011100100,001000000100,0000100111001,0101,0011000100,1000000,01100011,01100011,01100,1000010,1001,000,00,00,
01011001000100,0000000001011,001000000100,00111000011,0011000100000111000,1000010,00000011,000011000,0011000100,00010,1001,001,,0,
000010000001000000100,11000011100,000,0001000101001,0000000101001,0001100111011,0101100,
00011001001100000,1,001000000100,0011100001111,0011011,0011000100,000011000,100000,000010010,011,00000,1001,00100011,0,0,00010001010010001100,1001,00110000011,00000,0010000100,10010,000,00000011,01011001000000,,1,00000011,011,101
01011000001100,0001000101001,001000000100,00111000011,00,0011111,00000011,1000000,0011000110,01001,0001,011,1000101110010,00,0,
0001100011100011100011011,0010000000001,000111000,001,000010000,001001100100,001,1100,0001,011,00,0000000110011011,00,
01011001000000,0000000001011,0110000110000011,0011000000101010001,001,000011001,01100011,010,100110,1,1001,01011,00,0,00,1000010,
01011001000100,000010,001000000100,00111000011,0011000100,000011100,00000011,001111,00000011,00010,0001,0011100,00,0000000110011,
11100000,0000100011,1000100,00,0010000100,0011000100,0010000100,010,00000011,0000000,0000100,011,00,010,
110010010011000011001,011001100100,00110000001,00111100011,000010000,00,0011000110,0000,000010,100010,000,000,1,00,0,
11100,0000100111001,10001100001100,00110000001,1011100000100,000011001,0011000110,00111100011,100110,1000100,1,001,00,0,00,
11100011001001100000,0000000101001,0011110001111100011,100110,0101,11100011,0001100111011,0011000110,1100011010,0001,00000011,10100,0,
01011001000100,0000000001011,100100,1011100,0011000100,0000100,00,1000010,1100011,1000010,100010,011,00,1100011,01001,0,
11100101000,0000000101001,11100011,01011001000000,0010000100,10011111,100010,100110,1000010,00110000001,01011,1001,0,00,001100011,
0001000000000001011,0001000101001,001000000100,000100,0011000100,001111011,0,10010,00111100011,1000010,1001,101,00011,00,0,
0000000001011,100000,0000000101001,0,01000001111010,01000,000011001,01100011,1000000,100110,01001,0001,00000,100000,0,
01000001111010,0,1100011,01100,00110000001,0011,10011,0,1001100,10011000,0000000001011,000,1001,0,11100,0,
01011001100100,01100011,001000000100,0,0011000100,000011000,00000011,1000000,00000011,1000010,1000100101,00010,000,0,
00011001100000,00001001000010,001000000100,101011,0010000100,11011,000011000,1000110,1100011,,100000,01011,00,001,
01000001111010,0000000110011,01100111,00110000001,00110000011,000011100,1100100,1000010,10010,101111,1001,000,1001,1,
10001001100100,0001000101001,1000110,00111100011,111011,1000000,
11000011100,0001100111011,001000000100,10100,0011000100,0011000100,00000011,1000000,1000000,100010,100010,000,000,0,
010100011011000100,
00011000000100,0001100111011,0001100111011,0000000,0011000100,1000010,000010,1000000,001,00,1001,01011,00,0,
00011001100000,00001000111100,001000000100,1000110,0010000100,0011100,000011100,000111000,100110,00011,1001,001,1001100000,0,00,0,
01000001111010,00001000110001100,01100,0010011001001011000100,,000011000,10100011,1000010,100010,00010,1001,001,
01000001111010,01010,0110000000011,00110000001,00011001100000,01011001000000,000010000,10010,01000001111010,101100,1001,0001,11100,000,
01011001000100,0000000001011,001000000100,100110000000001011,000,101100,0010000100,1100100,00000011,010,0001,011,00,0,00,00,
00010000101000,0000000101001,00001,00111000011,0011011,0011100,1000000,01011,101011,101,001,00,0,
00011001100000,000010000000,001000000100,01011,0011000100,01000,01100011,0,100000,000011000,1001,000,00,
01000100101011011,011000000100,0010001001,000010000,001000001100,10011100100,0000000,100010,00000,00,000,00,0,11101101010,010001,00110000011,000,1100000010,
000110011000001100011,0001100111011,100000,01100011,0011000100,100100,0010001010001,00011001100000,00000011,0000000,1001,0,00,00,
11000,0000100,0000000101001,001000000100,00100011,0011000100,000010000,111,0000000,0000000110011010,100000,100110,00,1,
01000001111010,0000000001011,11010,00110000011,0011000100,0,00,01011001000000,100000,0001,1001,000,00,0,
10110010000000001100,0000100
0101000101011001000000,0000100111011,01100011,1011000100,0011000100,
010100010001100,0001100111011111,101100,111111010000010,11100,1000000,100000,00010,1001,000,1001,0,
01011001000000,0000100011011,00111100011,00110000011010,11000011100,001111010,00000011,0000000,00010,,000,0001000101001,00,0,
10001000001100,000010000100,1001100,100000,0010000100,0011000100,01100011,000011000,100110,1000100,0001,011,011000000100,
01011001000000,0101100,
1011100,0000000101001,0000000101001,011000000100,11,00100001000001100,000011,101001000110,0011000100,1001,00011,00110000011,00,00010,0,0,0011,1011000100,0,010,11011,00111100011,,
000100001000000100,0000000001011,001000000100,00,0011000100,
00011001100000,0000000110011,001000000100,01100011,1001111000111000,0001100111011,000011000,10100011,01000,1001,00010,00,1,000100,
1100101001010110000010,0011100,0001100,0010000100,000011001,11000,1000110,10011001011100,0001,101,00,00,100110,0,
111011111100,1001100000,11,01011001000000,,00110000011,,0011,01100011,1001,01001,100110,100000,00,0,
1100010100011001100,011000001000101001,101110010111000011,00110000011,00,00,00,1000010,100000,00010,00,0,
01000,0000100000110011101111000010000,101010011,000011000,100010,1010001000001111010,100000,01000001111010,10011,00110000011,001011100,00,000,
00111100100,00110000011,001000000100,01000001111010,01100,000011100,,0001000101001,,11100111101011,100000011,00,1,00,0,
10100
01011001100100,0001000101001,001000000100,0000100111001,0011000100,00011001100000,000011100,00000011,100100,100000,1001,01011,000,0,00,
00000001101100,0000000101001,00110000011,1001100,1011000100,000011100,01100011,0100,100110,0000000,100010,0011000100,00,001,
111011111000100,001000000100,001111000111,0011011,10000011,00,00000011,000010,100010,000,000,011,111011,0,
01011001000000,0000100011000011100,0011000110,11,0000000,000011100,01001,000011100,00000011,0000000,01100,001,01100011,110,000,
00011001001100,0,001000000100,0010000100,1011100,0011000100,
01010001,0000000101001,100010,0110010111100011,0010000100,00000011,0011100110,1000100,0000000,00010,1001,000,001,00,0,
11001001100000,0001000101001,001001001100000,1011000100,0010000100,000011001,0101100,000011000,00000011,01001,0001,011,00,011,
01001010001110000001100111011,001000000100,1011100,000,1000100,00000011,0110011100011,00000011,0000000,100000,00010,01000,010,100100,0,
11001000100,111011,001000000100,0010000100,00110000001,0011101011,10010001011001000000,0,0000000,1001,001,1011100,1,00,0,
0000100111001100,0000000101001,001000000100,1111,0010000100,00110000011,00110000011,100010,01011,1001,01000,1001,000,
0101100111,0001100111011,001000000100,1010101,00111000100,100110,000011000,00011001100000,100110,10011,000,1001,,000,00,0,0000100111001,00001001000001111010,0,
111010011000,1011100,00110000001,1011001111,1001,000011000,001000000100,1001110010,1001,000,00,000,
1110,0001000101001,001000000100,1011000100,0011000100,000011000,00000011,000,100100,01100,100010,000,00,000,
00011001100000,011000000100,0000000101001,000011001,,0011,0001100,00000011,0000100111001,11000,10010,1001,01011,11100,1,
00011001001100,00001000000000101001,00111100011,1001100,00111000011,0011000100,0000100,01100011,00000011,0000000,100000,011,01001,0,0,0,
011001001100,1100100,00110000011,00111100011,0011000100,0011000100,0011000100,
01000001111010,10000011,001000000100,00111000011,100010,10000011,011000000100,11100011,
1110100010111000,1001100,0000000001,0011000010000,1000100,000011000,000010,000010,1001,000,10000011,000,00,0011,
01000001111010,0000000110011,0001100,00110000011,001000001100,00110000001,00110000011,10100010101,1000010,100000,000,1000100,0,00011,0,
01011001000000,00001000001100111011,0101,10100111011,001000000100,100100,10000011,
11101000001100110000001000,01011,00111100011,0011000100,001111011,00000011,1000000,100010,10010,1000000,000,000,010001,00,0,
00000001101100,0000100111011,1110111001100,00111000011,001000000100,000011000,0011,00010,01010,11011,00,0,0,0,
01000001111010,0000000110011,011001011100,00110000001,0011000110,0000000101001,1100011,0000000110011000111000,010,00001,000010,011,111001,00,0,
01011001000000,0000000001011,111,011000000100,111100011,0011000100,00000011,0000000001011,0011100,1000010,100000,01011,100000,1,
01011001000000,0000000101001,1000100,000,000011100,1100100,000011100,01100011,01011001000000,01010,01001,1001,000,00,0,
010100011100101011011,011000000100,110011000100,00011001100000,100100,100000,0010000100,1011001,0001,011,00,1,
00011001100000,00001001,001000000100,1011000100,0011000100,011,00000011,1100,1000010,01010,100010,011,1001,00,
110001000,0000100010,001000000100,1011000100,0010000100,000011100,01100011,1000110,01011,01001,100000111,00,0,
01010101101100,0001100111011,001000000100,0,00110000011,0011000100,01100011,010,00000011,1000000,1100010,00,000,00,0,
01000001111010,0000000110011,0001100,001001000100,0011000100,1011100,000011000,00000011,0011000100,00010,100010,000,00,00000001,
00011001001100,0000100111011,11,00110000001,0011110011,0011,101001000010,0011000110,100000,000,00,0,0,0,101011,0011000110,000010,1,00011,
110001011001000000,100100,001000000100,00110000001,10000011,00110000011,10000011,1001100,100100,0000000110011,100010,,,00,0,
01000001111010,0000000110011,011001100100,00110000011,0011000100,001111011,00100111011,100010,00110000011,100100010,001,100010,0,
11000,0000000110011,0000000101001,00110000001,00110000011,11100011,100110,01100011,0101100,001,010,0001,0011,00,00,00,100,10110001000011,00110000001,01011,00110000001,000011001,010001,0,00000011,00001,,000011001,1000010,0100,0,111,0100,01010,0011000100,,000011000,001,000010000,,1001100000,0101100,00111100011,0,01000001111010,0,0000000001011,000,0000100,1000010,,0000100,0011,
00010000101000,0000000101001,001000000100,10111000011,001111000,100000,001000000100,0001,00010,1100100,,1001,0,
010100011100011001100000,000011000,10000011,00011001100000,0010000100,000011100,01100011,1100100,00000011,1000100,1001,101,00,0,
01011001000000,0000100,00110000011,00111100011,101100,0010000100,000011100,0011111011,01100011,01000,11,111,00,00,
0101010110011000110,0011000110,001001100100
0100000111101000011000100,0001100,0000100111001,1011000100,000111000,0000,0011000110,01100011,100000,01001,10011,01010,1001,0,00,
0100011000100,01010,001000000100,00011,0011000100,1000100,00000011,1000010,100110,101011,01000,00010,000,100000,00,0,
00000001101100,0000000101001,001000000100,00110000011,011,000011001,01100011,1000110,100110,00010,1001,,00,1,0,0,
01000001111010,0000000110011,011001011100,000111000,0011100,110001011,00000011,011,100110,01001,1001,000111000,00,000,
11000101101100,0000100111001,0010000111100011,0011000100,0011000100,01100011,000011100,100010,10000011,100000,000,00,00,
1100101100,0001100111011,001000000100,000010,0011000100,0,00000011,1000000,1000010,1000010,1001,1000010,1001,0000000110011,
00011001001100,0001000101001,001000000100,1011100,0011000100,0011000100,000011100,
01011001000100,0001000101001,001000000100,00111000011,0011000100,0011000100,00000011,00000011,0000000,0000000,100010,0001100100,1001,1,
11001001100,000010011000,1000000,00110000001,0010000100,1011100,0011,01100011,100110,0000000,1001,101,00,1,0,0,
01000001111010,0000000110011,00011,100000,1011100,0011011,000011100,1000000,1000010,00010,100010,00010,100010,,0,
0101100000100010,0000100010001,10011111,00111100,00010,100100,100000,000011001,1001,000,00,000,00,0,
01000001111010,0000000110011,01100001001000100,0010010011,00110000011,,0000,1000000,100110,01001,0001,11011,01010,1,0,0,
00011001100000,0000100010001,001000000100,1000010,0011000100,0001100111011,00000011,1000000,100010,0000000101001,1001,011,00,0,0,011,
10001001100100,000010000,001000000100,1000110,0011000100,000010000,00110000011,0,0001,1000010,1001,000,00,
010001,0000100010,001000000100,101101100,01000001111010,000011100,0000100,1000100011,10010,1001,,000111000,00,001,
1110100000,0001100011000011001,0001100,00111100,000010000,000011000,00000011,10010,100000,00000011,010,000,00,0,
010110010001001100011,011001011100,00111000011,0011000100,00110000100111001,0,0000001100,1000010,01010,011,11,000,00,
000010000010,0001000101001,0001000101001,00111100011,0011000100,000010000,00111100011,00000011,100100,1000010,100000,00001,1100,000,001000000100,0,
1110100101100011001001,1001100000,0011000100,010,00000011,0011000110,0000100,00000011,1000100,0011100,001,00,,00,0,00111100011,00000100100,1000010,000,010,0,0000000101001,0000000,00,00,,101,001000000100,0001000101001,
01011001000000,0000000001011,000010001100011,00110000001,0011000100,110000010,01000,11101100,01000,1001,011,00,001,00,
10001001100100,10010,101000000100,10100011,000111000,11000,1000000010,0000000,0000000,1001,11,1001,01100,0,0,
00011001100000,0000000001011,011000000100,001000000100,0001100111011,0011000100,0011000100,0011000100,1001100000,00000011,01001,00000011,01011,1001,000,
01000001111010,0000000110011,0110010100001000000100,00111000011,000111100,111011,1000000,100010,00010,1001,101100,00,100010,,00,0,
01011001000000,1100,1000100,10011111111000010,11000,0011000110,000011000,100110,1000100,1001,01011,00,
01011001000000,0011000100,000011100,10011,0011000100,0010000100,00000011,0000100111001,100110,100110,0000000001011,0101,01000001111010,00,00110000011,
110000011001100000,0001000101001,00110000011,0000000001011,0011000100,1000110,000011100,
010001,000011001,000,11000,111,1011100,100111001100000,011000000100,00000011,100110,00010,00010,1001,000,0,0,
01000001100000,1000100,00111000011,1011100,00011100100,100110,0000010,100110,0000000,10011011,00,1,
010100011,0000100,1000100,001111000111011100,11000011100,00000011,010001,0001000101001,000010,00100,01011,1001,0000,
10001001100100,0001000101001,001000000100,000100,1001,100000,00100100110,1000110,100110,00011,10000000000,01010,0,001000000100,001000000100,
0000000100111000011,0000100111011
00010000101000,00000001010011100011,1000110,010001,0010000100,01100011,01100011,100010,00010,100010,000,00,001000000100,00,0,
11001001,0001000101001,1001100,000111000,0011000100,0011000100,00000011,0001100111011,0000000,01100,1001,000,00,
11000,0000000001011,00110010000011,1011100,0010000100,1000010,,0000000,
01100000011,1000100,11100011,00110000011,0011000100,
1111100100,000010001100,001000000100,00110000011,0100,100111000100,1000010,100010,01010,1001,1001,1001,000,00,0,
010110001010,0001000101001,001000000100,00111100011,11,0,0011000100,000011000,00000011,10010,00010,00011,1001,0,00000001,0,
000110001001,0001100,1011000100,1000100,0010000100,0101100,01100011,1001100000,00000011,01001,01010,1001,00,,00,0,
1011100,0000000110011,001000000100,0001001,0011000100,00111000011,00111000011,100110,100010,01010,0011000110,1000100,000,
01000001111010,0000000110011,1101100011,00111100011,0011000100,0000100111001,000011100,01100011,1000010,,00,0001,000,11100011,000111,0,
000000011001100000,1001100000,001000000100,000100,0011000100,000011000,100111100100,10011011,0000000,100010,00000,1001,000,00,
01000001111010,01010,011000011100,1001111011,000100,1000100,00110101,
01000001100000,01100110111001100,01000,000111100,1011000100,100000,00001,01010,1001,000,00,0,
01011001100100,0001000101001,001000000100,00111100011,0011000100,000011100,10010,1000100,0000000,00010,1001,000,00,0,
01000001111010,00010,011001001100,1011100,0011000100,00110000000001011,1000010,1000000,000010,00001,01010,10010,00,100010,
010110000011001100000,0000000001011,001000000100,01000,0011000100,11100,00000011,1000000,000100,000010,1001,011,00,0001100111011,0,0,0000000101001,100100,0000100111001,000,,000,100010,1,0,
01000001100000,011,1011100,000010,,,101000010000100,000010000,100100,01001,00000001,0000100,00,00,00,
01000001111010,01100,0000000101001,001000000100,,0011000100,0011000100,10000011,100110,1100011,01000,100010,10010,00,1,1,
010100011011,0000000101001,1011000100,00110000011,000110011000001011000100,11100011,000011000,0000000,100110,100010,01011,101,10010,00,0,
01011000000,100110,001000000100,01001,0011000100,00,0,000011000,100010,010001,001,000,1001,001,
1000100110010000,0000000101001,00010,0011000110,100000,0011000100,0,1000110,00000001,00001,0101,00010,1001,0,
01011000000,001001100100,00011,1011000100,0001100111011,000011100,0011000110,0,0000000,1000100,1001,00100,00,
1110110001
001111011,0000100010,001000001100,00110000001,0011100111110,1000000,0000100,000010000,1001,001,1001,11000100,
01010001111100,01100011,0000100,0010000011,0011000100,00110001000001100111011,100010,00000011,00010,100110,00010,000,000,00,0,
0011100,1001100000,01100,011000101,00110000001,0000000001011,00000011,1000010,1000010,01000,1001,000,0,001000001100,
01000001111010,0000,0110001100011,00110000001,0011000110,000010000,0000000110011,0000010,000010,00001,0101010,000000000101001,1,0,0,
01011001000000,11011,0000100110011,00,0010000100,000011001,001000000100,000100,100110,00011,000011001,001,00,0,0,
01000001100000,10100000000010001100,101100,0010000100,10011,01100011,1000110,00111011,01000,,000,00,0,
01011001000000,0000100011000011100,,00111000011,0011000100,
01011001000000,0000100111001,100110,011000000100,0011000100,001101011001000000,10000011,0001010,00000011,01001,000,101,00,0,
0000100111001,0000000001011,001000000100,11,001001000100,01000001111010,100100,00000011,1011000100,1100011,00011,1,00,0,0,0,
01000001111010,0000000110011,0010000100,001000000100
00011001001100,0001000101001,01100011,0000000110011,00110000011,0011000100,00,
0101000100110000001,0000100111011,001000000100,0001100,00110011000100,
01000101000,0001100111011,001000000100,1000100,00011001100000,00111000011,000011100,1000010,100100,000,1001,000,00,001,0001100,01000110,
101100010010001011100011,0000000101001,001000000100,00110000001,1100011,000011001,001,000111000,01100011,1000100,001,0010000100,0011000100,0,
00000001101100,0000000101001,0000100111001,00110000011,0010000100,000011100,11100011,1000110,0010000100,0011100,100110,1001,00001,0,
01011000100101011011,00100100110001100,1110001100110011000100,01100011,00011001100000,100010,00,1001,01100,1001,1001,00,0,
00010000101000,0000000101001,101100,1011100,00111100,00000011,00000,100010,10000101011000100,1001,00111100011,0010000100,1,0,0,
0100000110001100,0000000101001,0001100,00011001100000,0010000100,000011100,01100011,0001,0011000100,
01011001000100,0000000001011,001000000100,
0001100101000,010001,00111100011,000011100,0010000100,000011001,01100011,
11001011100,0001000101001,001000000100,001000000100,0011000100,0011000100,00000011,11011,00000011,0000000,1001,000,00010,01100,
01000001111010,00110000011,011,1001100001100,0000100111001,00000,100110,1000000,000011100,01000,01010,00000,00,1,00,
01000001111010,1100,0000000101001,0000000110011,1011000100,0010000100,100110,0000100111001,0000100111001,0000100000,001000000100,000,00,1,00111100011,0,
00011000110000000011,011000011000100,101001001100,001100,00011001100000,11100,100000,00010,1001,011,1001,00,
00010000101000,01000001111010,11,0001000101001,0010000100,0011,11100011,101100,100000,00001,00111000011,1100100,00,0,
01011001100100,0001000101001,00100000010000011001100000,001001100011,00110000011,,0011,,100010,00010,1001,,,,00,,001,0,
1011101101100,01011,00000,00110000011,0010000100,000100,11100011,1000110,100110,00011,0001,001,00,0,
1101100101010,0000000101001,0010000001000110011,0010000100,000011100,1000110,1001100000,100110,01001,100110,100110,00000,0,
