11010101100100,1000000111001,001000011100,00110000011,0011000110,000010000,01100011,0000010,000010,00001,1001,000,00,0,
11000001100000,1000000101001,001001011100,00110000001,0011000100,000010000,11100011,1000010,100110,00001,1001,001,00,0,
11000001100000,1000000100001,001001011101,00110000011,0011000110,000010000,01100011,0000010,100110,00001,1001,001,00,0,
10000100111110,0000100110001,001000000100,00111000011,0010000100,000011100,00100011,1000100,000110,00000,1001,100,10,0,
01010101100100,0000100001001,001000100100,00110000011,0011000100,000111000,01101011,1000010,000010,01000,1001,001,00,0,
01101001101100,0000100011011,001000000100,00111100011,0011000100,000011000,00000011,1000000,000100,01010,1001,010,00,0,
10000000110111,0000000010001,001000001100,10110000011,0011000110,000011000,00000011,0000000,000110,00011,1101,100,10,1,
10000001101100,0000000111001,001000011100,00110000011,0011000110,000010000,01000011,0000010,100111,00001,1001,100,00,0,
11001101101000,0000000111001,011001000100,00110000001,0011000110,000011000,11100011,0000010,000010,00001,1001,000,00,0,
01010000100100,1000000101001,001000101100,00110000001,0011100100,000011000,11000011,1000010,100011,00001,1001,001,00,0,
00011000101100,0000000111001,001000000100,00110000011,0011100100,000011100,01000011,1000010,100011,01001,1001,000,00,0,
00100001100110,0000100011001,001000101100,10111000011,0011000100,000011000,00001011,0000000,000100,01110,1001,010,00,0,
01010000100100,0000000101001,001000111100,00110000001,0111100110,000010000,11100011,0000010,000010,01001,1001,001,00,0,
01010000100000,0000000111001,011000111100,00111000011,0111100100,000010000,01100011,1000000,000010,01001,1001,000,00,0,
01000011000010,0000100111001,001101101110,00110000011,0011000100,000011000,00100011,1000010,000100,01000,1001,000,00,0,
01010000100100,1001000101001,001000100100,10111000011,0011100101,000011000,00000011,0000000,000011,00001,1001,001,00,1,
01100100100010,0000100110001,101011111100,00110000011,0011000100,000010000,00100011,1000000,000100,11000,1001,000,00,0,
01100000111000,0000000110001,101000001100,10111100111,0011000100,000011000,00100011,0000000,000100,10011,1001,000,00,0,
10000100111100,0000000110001,001000000100,00111000011,0111000100,000011100,01100111,1000000,000010,00001,1001,100,00,0,
10010000100100,0000000110101,001000001100,00110000001,0111100111,000011000,11000011,0000010,000010,00001,1101,100,00,0,
01100100100010,0011100100,001000100100,00111000011,1011001001,000010000,100100010,11000001100000,11000011,1000000,000100,000000011,00,000,
00100001100110,00001001001,100000000110000001,000100,010,01000011,1000010,0000010,1000000,000000011,01000,001,00,0,
11000001100000,0000000110111,011001000100,001000001100,0011000110,000011000,000111000,0000010,1000010,00001,10011001,00,00,0011000100,00110000001,
110101010000100110111100110000000111001,0011000110,11100011,00111100011,11100011,1000010,000110,000010,000100,1001,010,0,0,0,
01100100100010,0000000110001,10001111000011,000011100,00000011,001000001100,001000111,1000000,00001,000100,1001,1001,0,0,
1000100,000110000000110001,0000100110001,001000000100,10000100111100,1101,0011000100,1000010,10111000011,100100010,1001,100,1101,010,00,0,
01010000100100,01000000100110001,0000100110001,000010,001000101100,10,00,0011000110,0000000,0000000,00001,0000000111001,001,10,0,001000101100,
11000001100000,1000000100001,011001000100,10010,0011000110,0000010,0000010,0000010,000010,00001,1001,000,00,0,
10110,00011,001000000100,00111000011,0010000,000010000,01000011,0000010,10011,000010,00001,1100,100,00,0,
00100110010,0000000111001,01110,00110000011,00110000011,0011000100,,11100011,01110000,001,,,1001,,00,001,0,
1000000011011001000001100,001000011100011,001000000100,01,0011000110,000010000,000011000,0000010,01001,000100,1000000,1001,00,00,0,
010101111101100,00000,10,1110000110011000100,0011000100,01100011,100011,000011000,0000,00111000011,000011100,0100,010,11000,10011,100011,000010000,1000010,0011100100,000011,000010,0010,00000011,00110000001,000010000,110011000110,0011,00110000001,001000001100,00,,0111100110,11000,01100011,
10000100111100,0000000110001,001000000100,0010,0111000100,000011100,1001,1000010,100011,111100,000100,0000000,00,010,
11000001100000,001001,00001000010010000100100,000011,01110,0010011110,,11100011,,1,00001,1001,,100,00,,,,
010100011000110,01101100100,0011000110,00110000001,0111100110,000011000,11100011100,001000100100,00001,1001,,001,00,0,
00100001100110,0000000111001,000011000,00110000001,01111001101001,0000100,000011000,100011,1000000,000100,000,000111000,000,
011001101100,0,0011000110,00110000001,11000011,000010000,0011000100,00100011,00100011,000011,000100,000100,000,000,0,1001,
01011001100101001,01000011,100001001111000001100000,00110000011,0011000100,01,100110,0000010,0010000,000100,1001,100,011,0,
01010000100100,1001000101001,01000011,001000011100,01100011,000010000,01000011,0011000110,1000000,000010000,00001,1001,000,00,1011,
0001,0000000111001,001000000100,00111000011,01110,00000011,000011000,110011,10010000100100,000100,00001,0,100,00,00,
1000010011010,0111100111,000010000,00110000001,0111100110,000010000,11000011,000011000,100100010,00001,1001,100,00,0,0,
001000001100000010110011100100,00100011100001,0011000100,1,000010000,00100011,1001101100,00000,1001,001000011100,000,0,
010000110010010000100100,0000000111001,000100,00110000001,0011100100,000011100,1000010011,000011000,11000001100000,01001,1001,001,001,00,0,0,
11000001100000,1000000100000000100011001100111,0010010111,000010000,00000011,0000100110001,000010,00001,
10000100111100,000110,001000000100,00111000011,0111110,000011100,001001,1000100,100110,01001,00001,1001,00,00,
100001001110,00011,00100011011,00110000001,0111100111,01000011,11100011,0000010,000010,00000,000010000,001,010001000001100,
010000001000000100,0000000110001,001000000100,1100,00000011100,0011000100,0011000110,11000001100000,01000011,00111000011,1001,001,00,0,
100000001101000,000010000,0000100,10010,01111001110111000011,0011000100,01100011,0000010,000010,00001,1001,100,00,0,1100,01110,
000011100010000100111101100,0011000100,001000100100,00110011,0011000110,11100011,000011000,000110,100110,1001,1001,00,00,
100000000100111000100,001000110000100100010,0000100110001,01,000011000,0011000110,1000000100101,0000000110001,000110,100,010,1,10,
011001,0000100110001,001000000100,00111000011,0011011,0011000100,0110011100011,0000010,0000000,01001,1001,1001,00,0,011110011,
00011001001,0000100011,011110011,1011000111000,00110000011,11000011,0100,100011,00001,1001,001,00,010,
10000001101100,1,0100101100,,1000010011000111000,,000010000,11100011,0000010,000010,0000,1001,100,00,00110000011,0,
010000110000000001100,0000000010001,00110101100,000011000,000011000,1000010,00000011,00011,01000,00011,1001,00,,0000000111001,,
01101000,0000000110001,001000000100,1000000,011111,1001,000010000,00001,00100011,00111000011,0000,001,1001,00,0,0,
00100001100110,0000100111
0001100000100,0000100011001,001000100100,0011100100,00110000011,011110011,1000100,100110,000010,10011,11000001100000,,1000000,0,0,1100100,
0110,001000001100,0000100,10111000011,0011000110,000010000,000011000,0000000,000011000,0110,000100,10000,000,00,0,
01010000100100,00000000000100110001,001000100100,10111000011,11000011,001,01000011,01100011,0000000,1101100,00001,,001,,00,0,
01010000100100,0101100,0000000111001,0101100,00001,00011,00110000011,,111,0000010,01000,00001011,,001,00,0,
00100001100100011,10111000011001000001100,1101,001101110,00100001001,0000001100001011,1000000101001,00001,1001,100,00,10,100011,00000011,010010,0,00110000001,001000101100,1,10111000011,001000000100,1100,001000001100,000011000,00000,000011,,
1000010011001,0,001000011100,111001,00110000011,0011000110,000011000,01100011,0000010,000010,0000000,000,000,00,0,
11000001100000,1000000100001,0110011000011,00110000011,011010011,11100011,1000010,0000000110001,10011,1001,01010,001,00,
1001101101100,0000000111001,00100011000110,1110,011110011100,000011000,11000011,0000010,10,01001,1001,010000,00,0,
1100110110010,000010011,10111000011,00110000001,000011,000011000,
11000001100000,1000011,001000100100,
100000001101000,0000000111001,001001010,00110000011,010100011000110,000010000,01100011,111100,00110000011,0000000,1101,010,10010000100100,100,
0000100111100,000011100,001000011100,00111000011,100,0011000100,000010000,11100011,10000100111,,00001,1001,001,00,0,000010,10010,
00111000011,100001001110,001000011100,00110000011,0000010,0011000110,01000011,0011100100,10011,0000000,00001,1001,000,00,01010000100100,
000,000111000,0000000111001,001000000100,0011000000100110000001,0011000110,000011000,01100011,0000010,00001,01001,1001,000,00,001,0,
01000011000101100,000010011,10111000011,0011100101,000011000,100110,101011,0011,000100,100,00,010,
00111000011,000111,00110000001,0000000,00110000001,1,000111000,11100011,0000010,000010,00001,1001,000,,00,
1001,0111100111101100,001000011100,000000011,000011100,0011000100,000011000,00100011,,100011,00001,1001,,000,00,,00,
11001101101000000000110001,001000011100,00110000001,00110000011,0000100110001,,,0110,001,0000000,000100,1001,0011100100,110011,0,
10000001001,0000000111001,001000100100,001000101100,00110000011,10,01100011,0011100100,00000101,01001,1001,0011100100,10111000011,00,
011010010010000100100,001000100100,001001000010,00000011100001,000011000,00000011,000010000,000011100,1000000101001,10,00,00,
01100100100010,0000000110001,10101001,,00110000011,000011000,000010000,0000010,000011000,1000010,000100,1001,100,00,0,
11001101101000,0000000111001,011001000100,
01010000100100,0000000011001100,0000100110001,00110000001,0011011,000010000,,1000010,0000010,00001,1001,1001,0011000011,,
01010000100100,1001000100010,1000111000011,1001,0111100111,000011100,0011100100,100110010,001,1001,1001,11000,0,0,01110,
11011100000010000,00000011001000101100,00110000001,00110000100110001,0101100,1000010011,0011,000010,0000010,1001,100,00,0,
001000011001111000011,0010010110010010,010110011,0000100,0011000100,100110,000110,1000000,100100010,1001,0000000111001,0,10111000011,
10000100111100,0000000110001,0000100,00000011,0011011,00,000011000,000011,00011,000110,1001,001,1001,0,
01010000100100,0000000100001,001000001100,00110000001,011110011100011,0011000100,00110000011,0000010,000010,00001,1001,100,000,0,
01010000100100,10000001,11000011,1000100,00110000011,0011000100,000011000,000011000,0000010,000010,11000,000110,001,00,0,
010001001100100010,111001,001000000100,001000000100,1000100,000011100,0011000100,1000010,100011,00001,1001,0,00,0,0001001,
10000100111100,1,001000011100,000100,00110000011,101,01000011,10111000011000,0000000,10,01110,100,00,01100,0101100,
001000101100,001000001100,0000100,00100101110,00110000011,0011000110,000010000,001001,000010000,000010,000100,1001001000011100,00,000,
0110000111000011,0000000110001,001000000100,000011100,00110000011,0011000100,000011000,0000000111001,001000101100,0000000,00001,000011,001,00,0,
10010000100100,1001000101001,10011,0011011001,10,000111000,001000011100,10011,000011000,000100,1001,000,00,100,
01010000100100,1100100,0000100000000000110000,00111000011,0011000110,000010000,
01010000100100,000001010010010,001001011,001000001100,000010000,000010000,
10000001101100,0100110110000001011,00001000010,11000,11100011,10010000100100,011,100110,,1001,1001,001001,000,0,100,0000000110001
11000001100000,0010010001,001000001100,00110000001,,0011000100,000010000,11000011,011,,,,,01110,,1001,00,,,0,
01100000111000,00000001100011,100,00110000001,0011,01100011,0011000100,00,000110,00001,10010000100100,01010,,010,00,,1000010011,
0000100000110100100000000100001001,100011,00110000011,000010000,000010000,01100011,0000010,000010,00001,000110,000,00,0,
110011,01000011,00100101000,001000100100,001101110,1110,000011000,000011000,100110,00001,1001,01110,000,0,00000011,0011100100,
10000100111100,0000100110001,10000110,00110000001,10111000011,0000000,0011000100,1000010,00100011,1000010,000100,0011100100,00,00,
000100,00000101100,0000000111001,
100000011000110111,001000000100,001000100100,1001,00110000011,01010000100100,1000010,100110,1000010,000100,110011,01110,000,00,0,
00011011000101100,0010010111,1001,100,00110000011,000010000,1000010,0000000111001,00001,1001,1001,1001,00,
01010000100100,001000111100001001011100,00110000001,0011000100,000011100,000010000,1000010,1011100001111000001100000,000011,10010011100100,1001,010,00,0,
0000101010,1100,001000000100,011,1011010101,000011000,00100011,1101100,000000000001,00110000011,100,00,00,0,
01000011001000100,000000011100101111001,10011001000011100,000011100,1001,000110,
110011011100,00110000011,000011000,00110000001,011110011000010000,,11100011,00001011,00100011,00001,000,100,00,00,0,,
10010000100100,0000000111110,001000100100,000110,001000100100,01010,000011000,01101001,100110,00001,011,1001,000011000,0,0,
001000100100001100010000100000110000001011010001,00110000001,0111100110,000100,000111000,100011,000010,01001,1001,000111000,0010,,0,
10010000100100111000110111000100,011001,00110000001,01001,0011000110,,01100011,001000101100,01100011,00001,1101,000,010,,01100011,0,0,01100011,
110011011011010000,001000000100,00111000011,1100100,0011000110,000011000,000111000,1000000,00001,00001,1001,100,00,0,
11000001100000,1101100,001000011100,0000000110001,,10010,111,0011000100,011,0000000100,00001,1001,,1000000,00001101001,,
00100101010000100100,0000000110001,000100,00111000011,00001001011,0011000100,00100011,1000100,00100011,00001,1001,1001,00,0,
01100000111000,0000100110001,011100,
001,0111100110010000,10111100,0000000110001,0,000010000,0011000100,01010,1000010,01010000100100,0000000111001,100,00,0,
010101001,0011000110,00100111011001,00110001001,000011000,01100011,00110000001,1110,000100,00100011,000,00,00,
010000110010000100110000100110001,1000000011001000011100,0011011,0011000100,000011000,100011,1000010,10,100011,1001,1000010,00,
011010011000001100000,00001000110010000100111100,100001001110001101,0011000100,0011000100,000110,00000011,1001,1001,00111000011,00,0,0,
01100100100010,0000100110001,100110,110011,011100,00100011,,00100011,0000010,00000011,000100,11000001100000,100,00,01001,
01100100100010,101001,101100,,00110011,11100011,0011000100,0011000100,0000010,1001101,10011,1001,00,1,10,
00110000001100101101100,0000100001001,10010000100100,00110000011,0011000100,0100,01100011,00,000010,00001,1001,0000100110001,00,0,
0010,1000000101001,1000010011001000000100,001000011100,011,0011000100,01010000100100,0110,0000010,000010,011,1001,001,00,01,
01010000100100,01110,000010000,1100,100110,0111100110,000111000,01100011,0000010,
1000000101001,01000,1000000,0010000011001100,00110000001,0011000110,0011000110,01001,0000010,11000001100000,01100,1001,000,0000000111001,0,
0101100,00000011000100,0010000,001000001100,0011100101,11100011,000011100,0000000,00000011,00001,1001,100,1101,01110,
0010000001000001100,0000000110001,001000111100,00110000001,0111100111,0011000100,01,1000010,011110011,01001,1001,1001,00,1,0,
10010100000000,000010000011011,00110000001,10010000100100,000010000,000011000,000011000,100011,1000000,000100,011001001,00,00,0,001000101100,
101100100001000001100,000010011100,00110000001,0011000100,001000111100,11100011,1000000,000011,0000,01110,1001,00,00,01110,
11000001100000,0000000111,10,0000010,100100010,0011000110,00100011,01100000100,100011,00110000011,1001,000,010,000,000110,
11000001100000,1000000011,010011001,0010,001101100110000011,0011000100,000011000,000011000,1000010,1001,011,1001,0,00,0,
1100110111000100,10010000111000,10111000011,1100110000100,001000011100,01000,,10011,000010,00001,1001,100,00,1,
000111000,111001,010000,1,00110000001,1011,00110000011,,000111000,0000010,000010,00001,010101,00,0,
11000001100000,1000000101001,0010010011011,01010,001101000011,010000111,1000010,100011,01001,1001,01000,00,1000100,
10000001100111000011,00100110000100111100,00110000011,001100001000011100,0011000110,000011,10000,10,000100,1001,001,10,0,0,
01100100100010,0000100110001,101000001100,00110000011,00100011,000011000,000011000,0000000110,11000,000100,001,1001,00,
1110,000000011101001,100110,10011,000011,0011000110,01100011,11000011,00000011,000011,00001,1001,100,00,0,
1000010011001000101100,0000000110001,100000000000101,00111000011,000010000,000111000,0000010,1000000,0000000,00001,000010,100,0,00011,
0101011000010,010101011100001101100011,00110000011,1000000,00,10000,000010000,000010,00110000001,10011,00,00001,1,
10010000100100,00000001110000,001000111100,00111000011,0111100111,000010000,0110,0011,1011,00001,000000011,1001,00,1,
01000011000101100,0000100,00110000011,001000000100,0011000110,000011,10111000011,0000010,000010,000100,1001,1000000101001,00,0,
1000000000011001000000100,111000110,11000011,000010,0000100001001,1000010,1000100,01001,000010,00001,001,0,00,0,
01101000,0000100110001,00000000100,1000000101001,001111001,00100011,1101,1000100,1000010100,000110,,1001,0,1001100,
011001000010,01000011,00100011,00111000011,00111100100,1100,0011000100,00100011,0011100100,00001,00110000001,1001,1001,11000,01000,
01010000100100,000011101110000111,0011000100,001000101100,00111100011,0011000110,000011000,0000000,100110,11,001,010,00,0,
00011000101100,0000
01101001101100,00000000001100111000011,000011100,0011001000000100,000011000,01100011,00100011101001,1000010,0000010,0011100100,00,00,0,
10000100111100,0000000110001,001000000100,001000011100,,0011100100,00001,,11000011,0000010,000011,1001,1001,,00,00,
001110000111,100101,00100110011,0011000110,0011000110,000011000,11000,001,000011,0000111,001,1001,00,
100110,01000,0000000111001,1000000101001,00110000001,0111100111100,01100,11100011,0,,100110,
00011000101100,01,1000010011,00110000001,01111001100110001001,,001001,0,000010,00001,1001,,,00,0,
01010000100100,000000011001000101100,0011000100,10111000011,00110000011,0011000110,000011000,00000011,1000000,000010,00001,1001,100,0110,0,
11001101101000,0000000111001,011,01010000100100,0111100110,000011000,000010000,0000010,000010,000100,01000,000,10,01100,
10000001101100,0000000111001,001000110000100110001,00110000001,0111100110,000010000,11100011,0000010,000010,010,1001,000,00,0,
1000010011110011,0000100110001,001000000100,10111000011,011100101000100,1100100,0000010,000000011,000010,0000000,1001,10011,00,0,0000000110001,
01010000100100,0011000110,0000010100,0011100100,1011110011,0011000100,000011000,00001,00110000001,101001,1001,001,1001,0,0,
1001101,000011,101000001000,00110000011,0011000100,000010000,100011,1000000,100011,000100,1001,1000000,00,0,
10010001000001110,0010000001001,001000100100,000000011,001000100100,11100011,01001,11100011,01001,1001,1001,00,001000000100,
00111000011,10110101,001000001100,000110,011110011110011,000011000,11000011,0000000,000010,00001,11,1001001,0000000111001,00,
10000100111100,01110,001000000100,1001,10000100110111100111,0011000100,00000011,00100011,100110,00001,1001,001,00,0,0,10,
100000001110,0101,10,00110000001,0011000100,111,000010000,1000010,100011,000010,000100,000,11000011,001001,00,
11000001100000,000,001001011100,1000010011,0011000100,00110000011,11100011,01100011,00011,00001,1001,100,1001,000011100,
100001011000011000110,000010011011001000100,00,00000011,000010000,00000011,01100011110011,00001,00001,1001,1001,0,
0001100101100000010000,001000000100000011100,00110000001,000011100,000010000,00000011,0000010,000010,00001,1001,0011000100,00,0,
11000001100000,00000001110000101101001,10111000011,001000101100,000010000,00111000011,0000010,011,00001,1101100,01110,001,00,01,
001000001010001000101100110000011,0110101001,00110000011,10000110,000011000,01100011,0000010,0011000110,000100,00011,0010,0101,
01010000100100,0000000111000100,100011,00111000011,00110000011,0011000110,,,01100011,1000000,,00001,11,01000,1001,00,00,0,
10000100111100,0000000110001,100,1000000,000110,0011000110,000010000,0000000,10010,000010,00001,1001,001,00,0,
000111000,001000000100,00000000100100100000010,0011100100011000100,000010000,000011000,1101100,11000,01000,1101,000,00,1110,
11000001100000,0000100,1000000001000100100,001000011100,0010000,0011000110,000011000,01100011,1001111000001100000,01001,1001,1001100,00,100,0,
01100100100010,0000000110001,10,001000100100,1001100011,000010000,01000011,100110,000110,001000101100,000111000,010,00,0,1101,
11000001100000,110011,001001011100100010,00110000001,001000000100,000010000,000010000,01000,1000010,011,1001,0010000,0000100110001,111100,00,
0010000111100100,01,10001000011100,00110000011,0100,11000001100000,0000000111001,0000010,100100010,11000,001000011100,001001,000011000,00110000001,
01101001101100,000010001111000101100,001110011,000010000,1000100,000011000011,0000111011,10010000100100,1001,1001,00,0000000111001,
11000001100000,1000000100001,0011000110,00110000001,10011,000011100,0011000110,0,111001,100110,00001,01000,00,0,
11000001100000,10000001101100,001000001100,010000,001001011,000011,0011000100,000011000,000011000,00000,0000000,1001,010,1011,10,0011000100,1000100,0000000,001000111000100,100110,01001,001000101100,0000001100110000011,
00100001100100,0000100110001,00000000100110001,1,00110000011,0011000100,011001,001000011100,000010,000100,01110,100011,0,
01110,01001,000100,10010000100100
0111100100,0000100110001,11001001,,000011100,100,000110,11100011,1000000,0000000,00100011,1001,100,00,0,0,
01010000100100,10010100001,000100,00110000001,011110011,000010000,00,1000010,000011,00001,0010,1001,00,0,
01001101100,0000100110001,0011000110,
001001010101000000,000011100,0011000110,001000000100,0011000100,000010000,01100011,01000011,11000001100000,11100011,0110,01010,001000001100,0,
10000100111100,0000000110001,011101001,00,111001,,0011000100,11100011,1000000,0000000,0,1001,100,00,0,
001100000011,0000000110001,001000000100,001110000111,000011000,000011100,,0000010,000011000,000010,00001,1001,100,00,0,
11000001100000,1000000101001,001001000110,001000011100,00110000011,001001,000010000,001000000100,01010000100100,0000,00001,1001,0000010,00,0,
01010000100100,100100010,0010011001,001000011100,00110000011,10,000010000,0011000110,10110,00001,1001,1001,00,01000011,
11000001100000,1000000101001,1000000101001,011000,0011011,,000011000,0011000110,110000011000001,00001,1001,000,00,00,0,
00001111100011100,00110000011,001000100100,001000001100,10111000011,001100000110010000,001000100100,0000010,000010,0,1001,0000100110001,10,0,
11000001100000,0000000110101100,001000100100,10111000011,00110000001,0011000100,0000110001,00001,100110,01001,1001,00001,100,0,0,
10000100111100,0000000110001,001000100100,10111000011,0011110011,000011100,00,011,0000000111001,000100,1001,100,001,0,
1000000100011,0000000111001,0011000100,0000,00000111100111,000111000,0110,110011,000010,00001,1001,1001110,000,
100110101100,0000100110001,001000011100,1000010,00110000011,1110,000010000,001001,1000000,0000000,00001,0101100,000,00,0,100011,000010,
01110,1100100,0000100000011000001100110000001,00110000001,0011000100,000010000,01100100100010,0000010,000010,00001,1001,000,00,0,1100,
0010001011000,0000000110001,1011001101,10010000100100,001000111100100100010,000010000,100111110,00001,1001,
01100101001,0000000110001,10000011,01100,100011,000010000,0000010,1000010,1000010,01001,1000000101001,1001,1001,0,,0,01010000100100,01111001110111000011,
001000001100,1101,01100011,001001,00110000001,00111,000010000,
1011100000000,00001000010110001110,10000101000100,0011000110101001,100011,00011,000010,0000000,1001,100,00110000011,00,0,
1000001101100100,0000100110001,001000001100,0011000100,0011100100,000011100,1,0,01000011,1000000,100100,000,010,100,
0000100110000001,0000000111001,10100110,1001,100011,100100010,0011000100,000110,1000010,1000010,1001,001,00,00,0,
01100000111000,100001,001001,00110000001,00110000011,000010000,00110001000011,00000011,000010,0000000,000110,0011000100,00,0,
11000001100000,1100100,001000001100,001001011,00110000011,0011000100,000010000,01100011,0000010,000010,000010,1101,1000000,1101,0,
10000100111100,0000000110001,001000000100,00111000011,001100000111,000011100,00100011,1011,0010000,000000,1001,,1001,00,0,0,
00100001100110,00001001001,001000011100,00110000011,0011000100,000011000,01100011,00000001110011,0000100001,1001011,0,0,
10010000100100,000000011,00,001000001100,000110,01000011,0011000100,01000011,,00001,00001,
0111100000100,000011100,011,001000000100,00111000011,10,0000010,1000000101001,0000000,100110,1001,001,010,00,000010,0,
01010011000010,0000100000111,00110000001,0011100100,00110000011,,0011000110,0000010,1001,00001,1001,100,00,0,
01010000100100,1001000101001,10011,00100011,0011100100,0011000110,0011000100,01100011,100110,100110,000100,001,00,00,000011000,0,
11001111000011,101001,0010001111001001,00110000011,01000011,000010000,01100011,0000010,0000101,
01010000100100,1001000101001,00100011,10111000011,0010000,10,000010000,001000100100,0000000,1000010,00001,0000101,1001,010,0011000110,0,
0110010010111000010,001000000100,10111000011,000011100,10111000011,100100010,000011000,0000001110011,00000,000110,000,01000,10,
0010001011000101100,000010,101100,00110000001,11000011,000011100,0011,00100011,100011,0000
11001001,0000000110001,00110000011,1000000101001,,1000000,00100011,,0000010,0000000,000010,00001,1001,0000010,00,
0000100101101100,0011000110,0110101001,00,000010000,10111000011,00000011000010000,00100011,0000100110001,000100,000,10011,110011,
0110001000011,0000100110001,10100001000000,00110000011,0011000110,000010000,00100011,0011000110,000100,000100,01110,10011,00,0,
100001001100011,01000011,001000000100,10010000100100,001000011100,000010000,0011000100,00000011,0101,00001,1001,1001,00,1101100,
10000001101100,000000011,00001100100,,1011000,001000100100,000110,000011000,0000010,000011000,000100,00011,00,00,
000111000,001000000100,1100100,001000000100,00110000001,1000000,001,00100011,10000,0000010,000010,000100,001,00,100110,0,0,
1100110110100011000011,0000111100110,00110000001,000010000,10011,00100011,0000010,000010,00001,1001,00011,11,0,
00011000101100,001,001000000100,00110000011,110,000011000,11100011,0000010,000010,00001,1001,000,00,0,
100001001111000,111001,01010000100100,10111000011,011,0011000110,1100,000011000,1000000,0000000,00001,1001,100,00,100,000010000,
10000000010111110001,100011,000011000,10,001000000100,0011000110,0011000100110011,11100011,000100,1001100011,01010000100100,0,
01000011000101100,0000100111001,00110000011,0011000100,00111000011,11100011,000011000,100110,101001,1001,0,1001,0,0,0,
100000011011001001,100100010,0110011,00110000011,10,0011000100,0000010,100000010000,
100000001101010000100100,01100011100100010011000100,001000001100,1100100,000011000,11000011,0000000,000011,00001,100110,1001,01000,0,000010,
100001011000010,1001000101001,1101100,00110000001,0011000100,0000000110001,
000010,1101,000100,01101011,00110000011,1000000,000010000,10011,0000010,000010,0000010,01110,001,00,0,
0010000011000111100,001001011,01110,0011000100,000011000,100,0000010,000011,000100,1001,100,011,0,10111000011,
10000001101100,1,01110,00111000011,000011,0011000100,00111000011,001000101100,1001101110,00001,000100,100,11,0,
01100100100010,11000,001000100100,
100000000001110011000011,10000001010011001,000010000,00110000011,001001,000010000,000011000,100011,00001,000100,01001,000,00,00,00000011,000011,001000100100,0010,001000101100,000011,0011000110,
01100100100010,0000000111001,001000000100,0011010,001100000111100,000010000,000011000,001001,0000000,01000011100110,01010,00,00,
11000001100000,100100010100100001011,100100010,1000000,0011000100,1000010,11100011,0000010,000010,00001,100110,00011,00,0,01010000100100,
01010000100100,11000011,001001,001000100100,00110000001,0011,000010000,11000001100000,111000110,000010,000010000,1001,,1001,0,1001,
01101001101100,1000000111001,00111000011,001000010000100,000010000,00000011,00100011,011110011,00001,1001,000,00,0,
10000000110010,1001100,0000000111001,0000100,000011000,11100011,000011000,00011,1000010,1001,001,00,00,0,
10010000100100,01100,0,0110001,1101,101100,000011000,000100,01000011,01001,1001,000010,001,0,00,
101001001,0000100110001,0011011,00110000001,011110011,0011000110,000011100,00001,00000011,00001,01000,,,,00,0,0,00111000011,
01010110011000110,0000000111001,0110010111000011,00110000001,00100011,000011000,000011000,11000,011,00001,1001,000,00,0,
0100001100010000100101001000100011,001000000100,0111100111101100101,
100000011011001001,01,0101100,0011100100,0111100110,000010000,00100011,0000010,,01001,111001,100,001,1101,
0010000011001101100,0000000111001,00100011,11100011,00000011100,100011,0011000100,000110,0000000,01001,1001,0011000100,001,00,
10001001001,0000100110001,101000001100,00110000011,0011000100,01100011,11000011,1000000,0000000,000100,01110,1001,00,0,0,
11000001100000,1000000101001,1,0000000110001,1011,,0011000100,1111001011,,00111000011,,00001,,,,,,00,,,1100,,00110000011011,010,00111000011,,011110011111100,1000100,001001111100,0,00001,001000111100,10111000011,0110,,
0110011100100,0000000110001110001111000011,00111000011,0011100100,0011000100,,11000011,1000000,00001,00001,00,1001,00,00,
10000100110011000100,10111,1001,00110000011,000100,000010000,000010,1000010,100110,000100,1001,000011,000,0,00,0000,
01010000100100,0000000101001,10100,00110000001,100,11000,000111000,000011000,0000000,01001,1001,10011,00,00,
10000000110010,0110110011011,1100,01111001100110001001,0011000100,01001,0000010,11000001100000,1001,1101,1001,0,00110000001,0,
11000001100000,1001000101100111,1000110000011,111100,0011000110,0011000100,0000010,0000010,0000000,00001,0100,001,00,0,
01101010100,010100011000110,10111000011,00110000011,0011000110,000011000,0011000110,0000010,000010,00001,1000010011,000,00,1,
1000000011000110,0000000110011011,00110000001,01111001101000011,000011000,01100011,0000000,00000011,0000010,1001,100110,00,0,
01100000111000,10,001000011100,000010000,001000011100,100110,000010000,01100011,0000010,000010,01100,1001,00,00,0,
01010000100100011001,01,0011100100,01100,0011100100,,0011000100,11000011,00100011,011,00001,1001,1001,00,0,0,
11110,0000000110001,011000000100,0110000001,000010000,10010,0011000110,0011,00000011,01000011,1001,000,00,0,
01010000100100,0000000101001,011001000100,00110000001,0111100110,000011000,11000011,000011000,000010,111001,1001,1001,10,00,
01101001101100,001001011011,00110000001,001000000100,000010000,0000010,01100011,100110,01001,000,1000010011,1000000,0,
11000001100000,000,0000000111001,001000001100,00110000001,1000100,1100100,,11100011,0000010,000010,00001,1101,1001,00,0,
11000001100000,1000000100000011000100,001000001100,001000000100,,001100011001000011,000010000,00001000011,01001,1001,100,001,00,0,
00001100000010000,0000000111001,1011,00110000001,011110011,01110,,11100011,00000101,1000000,110011,1001,00,0,
01100000111000,1110011001,1001,10000,0011000100,01100011,1101,01100011,0000010,001000101100,001000101100,01000,00,01001,
11000001100000,0000000110011,101011111100,00110000011,0011000110,0011000100,00100011,0000010,0000000,00001,000110,000,00,001000100100,
01010000100100,1001000101001,001000100100,10111000011,001101000011,0011000100,1101,1000010,000011100,100110,01110,01010010,00,1,
01100000111000,00011,00100011111100,,10111100111,000011000,11100011,0000010,000010
00100001100110,1000000,0011100100,00110000001,0111100110,0011000100,01100011,100110,00000011,00001,1001,001,00,0,
01101001101100,001,01,00110000001,111,0011000100,,111,
10010000100100,00000001100,1000000101001,000000011,001000100100,00001000011000,11000001100000,1000010,100011,100110,1001,000,000011000,00,0,
100110,110000000110001,00100001100011,00110000001,0011000100,000011000,11000011,
000111000,1000100100,100011,00111000011,00100001,01000011,001000001100,,1000000,000010,00001,,1000000101001100100010,00,0,
011011100,1100110111100100,1110011000100,111,000111000,000011000,00100011,1000000101001,000110,1001,00,000,
1101100,0000110010010111001,001000011100,00110000011100101,1101,0000010,0000010,000010,00001,
00011000101100,0000000111001,0000100110001,00111000011,00110000011,1110,01000011,000011000,000,0011000110,00001,11,00,0,0,
11001101101000,00,011,011,0111100111,000011000,000100,10011,000010,000100,1001,100,00,0,
10000100111100,0000000110001,101100,00110000001,00111,1000000,00000000100,00100011,000011000,1001,1100,00,0,0,0,
01100001000011100,0000100110001,001000000100,00111000011,00100001100111,000111000,
1100110110100000011000,001000011100,00,001000100100100001,10111000011,000011000,11100011,1001,00001,10011,100,001,0,001000100100,0000010,
0010011100100011,01010000100100,01110,011110011011,000100,01000011,1,1000000101001,00001,011,1001,001,00,00,
01101001101100,0000100011011,00011,00111,000011000,0011000110,1001001110,100110,1001,01010,00,0,0,0,0,111100,001000011100,00110000001,1000010,
0110011100011000011100,0000000111001,001000001100,00110000001,100,,000010000,11100011,00100011,,01001,00001,001,001,0,
10000100111100,0000000110001,001000000100,110011,011,10,000100,00100011,000000110000001,1000000,01000,1001,00,010,100,0,
100000001110,100100010,1010111000011001000011100,00110000001,00011,0011100100,0011000110,1001111100011,01001,1001,101001,1001,00,
0100001100000100,0000001000101100001000100100,001000000100,0111100110101100,000010000,01100011,1011,100110,00001,1001,001,00001,
0010010110100000000111001,000000001001100,001000110111100110011000110,000010000,10111000011,1000000101001,0000000,00001,1001,100,00,0,
01100000111000,011,1001,001000010011,0000100110,000010000,11100011,1000000,,00001,
01100011,0101100,0000000111001,001000000100,00110000001,0111100110,1,11100011,0000010,000010,0000000,1001,100,00,0,
0000100000010,0000000110001,1101100,01001,0010000001000011100,000010000,1000010,1000010,000110,100100010,000100,110011,000,000,0000000111001,
100000001101111100011100,1111101100,0011000100,100,000011000,000011000,1001100100011,00000,1001,01110,001,0,0,
11000001100000,100000001101110,0011000110,00110000001,,0011000110,000011000,11100011,0000010,00001,00001,01110,00,00,0,
100000010000111100000010100101110,001000101100,100011,00111000011,000011100,01000011,1000000101001,0000010,100110,1001,100,1001,00,0,
11000001100000,1000000111000111,00100101110,00110000011,0011000110,000011000,0011000110,00001,000111000,100100010,001000100100,000,1101,000,
00011000000000111001,1011100001101010000100100,
1001000,0000000110001,000100,1100100,001000000100,00110001001100,100,
01010000100100,1000000101001,11,1110,00110000001,0000100110001,000010000,,11000011,0000010,000010,00001,1001,1001,00,0,
01010000100100,1000000101001,0011100100,100100010,00110000001,,0011000100,000111000,010,100100010,01010000100100,00001,1001,001,00,0,
11001101101010,0000100000010111100100,00110000011,100101,011001,111,000010,00001,001,000,00000,00,
001001000000011000101100011,0000100111001,00110000001,00110000011,0011000110,000010000,1000010,00000011,01001,001,000,00,0,
11000001100000,1000000101001,10000001010011,001000011100,1011,100,01000011,11100011,0000010,000010,00001,00100011,100,1101,0,
01010000100100,0000100001001,1001,
110011011111001,0000000111001,01100000111000,00110000001,0011000100,000011000,11100011,0000010,
01100000111000,0000000110001,101100,10000,0011000100,00110000001,0011000100,1000010,00110000011,10,1000010,001,01,01,0,1001,0010001001000,100100010,0000000,111100,11100011,111000110000000,
1100111100110101,001000111100100,01001,0111100111,000010000,11000011,0000010,000010,00001,
001000011001100110111,001000001100,00110000001,0111100110000010000,0011000100,111100,
111000010,0000000110001,0010000,10111000011,0011001000001100,0011000100,1001,1000010,00000011,01100011,1001,,00110000001,00,0,
1110,00000000100110001,001000011100,0101100,00110000001,000010000,11100011,0011000110,1,,,00001,,,00011,,,,1,
011101100100,0000100001100011,001000000100,001000011100,100101000010011,00100011,000010000111,0000,000100,1001,1001,00,0,
10000001101100,0000000111001,01000,1101,00110000011,0011000100,000111000,11100011,000,1000010011,11000,1001,1001,01000001,00,00000011,
01100100100010,0000000110001,10011100,,0011011,1000010,00,
1101110,0101100,
0010,001000100100,0000110011011,0011011111100,0011000100,0000010,000011000,0000001101000,0000000,011100101100,00,00,0,100110,0,000100,00100011,01001,000010,0000100110001,0000100110001,0100,100,001000011100,
01100000111000,00001001100010011000100,00110000001,00110000001,00110000011,0011000100,01000011,1000010,0000010,1000000,00001,01000,00,00,
100001001111000,00000000010,011110011,00111011111100,01001,00100011,0000000,00000011,00001001,0011000100,00,00,
00111000011,1001000101001,001000000100,000110,00111111100,0000010,0011000110,1000010,000010,00001,000110,000,00,100,1011,1,
01010000100100,1001000101001,001000100100,0,100110,10,10111000011,001000011100,10011,10111000011,000011,1001,000,010,0,
01010000100100,1001000101001,001000100100,10111000011,00110000011,0011000110,111,0000010,1000000,000010,00001,1001,00011,00,0010,
11000001100000,1000000101001,001001011010010000,00110000011,0000100,000010000,11000011,001000100100,01000,00001,1001,1001,00,0,
000010,1000000101001,001001011001000000100,00110000001,100101,111100,000011000,10011,0000100,01000,0011100100,1001,00,
01010001000001100,0000000110001,0010011001,,10111000100,000010000,0011000100,000011000,00100011,00001,000100,00011,1001,10,00,
11000001100000,10000001010011,001000000100,00111000011,00110000011,100,,,01100011,1000000,,011,0000010,100,01100,00,
01000011,1011100001101010001100010001000,00110000011,1000000101001,001001,000011000,11100011,10011,0011000110,11000,1001,0000100110001,010,1000000,
01010000100100,000010000,011011,10111000011,0011100101000010011,000011000,000011000,1000000101001,10011,11000,1001,100,000011,001000011100,
11000001100000,001000000100,01100000111000,1100,10111000011100,000011100,01100011,00001000100,1000010,01110,100,00,0,
1000000011,0000000110001,00000011000100,00001011100001101000011000100,0000000111001,0000010,0000010,000010,01,1001,000,00,0,
10000100111100,100001,001000000100,10011100100,0011000110,000011000,00110001101,000110,00001,000100,001,10011,0,0,
000,0010,00000001100010111000000,00110000011,011001,01000011,11000011,10011,1001,00001,1001,000,00,0,0,
100,10000001010010000100001,001000100100,11000011,0011000110,100100010,000011,0000000,000010,000100,1001,100,00,0,
11000001100000,1001000101001,0010,00110000011,0011100101,1100,0011000110,10011,001000101100,00001,0010000,100,00,11001,
01000011000101100,00001000111,001100000011001,0011000100,,,01100011,0000010,,,
11000001100000,0010,001001011,00110000011,00,100100010,000010000,11100011,100110,,001100010000001,1001,100,00,0,000011,0000000,
10000000,0000100110001,001000111100,001000000100,000110,0011000100,,11100011,01100011,01110,000100,000110,100,00,00,0,1,110,
010100011100100,100110,001000001100,000111000,0111100111100100,000010000,0011000110,001000100100,1001,000100,10011,0011000110,00,,0,
0110100111101100,0000000111001,00110000001,000010,10111000011,0011000110,
01001101100,0000000110001,1010000000,00110000011,0011000100,00110000001,11100011,001000111,00001,1001,110011,00,0000010,0000000111001,0,
00100001100110,0000100,00100101110,00110000011,001000100100,0011000110100,010,100110,0000000111001,000100,100011,0011000110,000,0,0,
100000000000001100011111,001000011100,1000000,0011000110,1,000010000,0000010,01000011,00000011,00001,1001,100,010,00000011,
10000000101100100,0000000110111000100,0011000100,0111100111100,0011000100,0101100,1000000,011,000100,0011,011110011,00,0000,,
1010011001,0000000111001,001000000100,10111000011,00100000010000,1100,00000011
1110,10000001111001,1100100,1100,
01010000100100,00000000000000111001,1100,10010000100100,101001,000010000,000010000,001000011100,011110011,11000001100000,11000001100000,1001,00011,001000011100,01001,
01010000100100,0010,001000001100,001000001100,00100011,0011100100,000111000,,
11111001000001100,000010000001000001100,001000011100,1001,000010000,0000010,001000100100,0000000,00001,10011,00011,00,00,
01101111100011100110,001000001100,001000101100,00011,0011000100,11100011,000010111,100110,1001,000,00,0,
10000001101100,00111000011,00001000100,00110000011,01,0011000110,000010000,1000100,001000100100,00001,1001,1001,001,0,,0,0000010,
01110010010,0000100111001,00110000001,00111100,10010001011000001100000,000011000,000110,0010000,000100,100,000100,0,0,001,1011100001100110001000010,0010,0,010000,011,0000010,100011,1101,010101,0011000100,00000011,,
10000100111100,0000100110001,011001000100,00110000001,01111001111000,000010000,000011,000011000,000010,01001,1001,100,00,0,
1000000011011100,001000000100,00110000011,001000001100,00000011111001,00110001001100,00000011,00000011,0000000,0010000100,111001,0,
01010000100100,0000100001000010011,101100100,11,1100111,000010000,0011000100,0000010,000010,000100,1001,001,00,0,
11000001100000,1000000101001,00100101101011001001,000,001000101100,110011,11000011,000,000011100,00001,1001,100,00,0,
10000100111100,0000000110001,001000000100,00111000011,011,00100011,11000001100000,0110111100,0011000100,000000,1001,100100,00,
1000010011001000011100,101001,10100,,00110000011,0100,0011000110,01101011,0000000,1000010,1001100,000,00,0,0,
000011010010011000110,1110001100110000011,001000011100,,01110,,000011000,101001,0000010,000010,00001,10011,001,00,0,
0001100100,0000000111001,0010000001000,00110000011,0000000,00001000000001,1000010,111001,00001,00,000,000011000,0000000111001,
010000101110000110011100100,00000000100,00000011000100,000011,01000011,0011000110,1000010,10011,00001,1001,0,000010,0,
11001101101000111001,001000000100,0010000,001000101100,0011000110,110011,00100011,10011,001000001100,11000,1110,001,,0,00,
01100001000101100,010101,001000000100,,,001000011100,0011000100,000010000,00001011,000100,100011,,100,01010000100100,0,
01010101001,0000100110001,10110000011,0101100,011110011,0011000100,01101000010,0000010,1000000101001,01000011,01001,1001,010,000011000,000110,
000111100100110101001,1001,00110000011,011100100010,00,00,000011000,00000011,00001,000100,00111000011,00001,00,
01010000100100,000010,001000011100,00,000010,01000011,0011000110,1101,011,0010000,00001,00001,0011,00,000,01000,
10011100100010011100,10000101000100,00110000001,0111100110,000011000,0011000110,0000010,000011,000011,1001,1001,00,0,
01010000100100,1001000100000101,001000000100,01000111001,000010000,,0011000110,000000111,00001,1001,1001,00,0,000110,0,
0010000111100100,00100011011001,001000101100,0111100111000000,00111000011,111001,1000000,000010,0000000,1001,001,00,0,
0011000110,1001000101001,0010001111001,1100001110,01000,01000011,000011000,000110,00001,000100,001,1001,0,000011000,0,
01010001,0000100110001,00000,00110000001,00110000011,001001,1100,1000010,00000011,100110,001000100100,001,001000001100,010,00,
11001101101000,000000011,010,000000011,1000000,0011000011,01100011,10011,000010,11000,00110000011,0000000,00,00011,0,1,0000000111001,010,000,000000011,100,001000000100,
01000011000101100,100111001,10111000011,00001,0011000100,000010000,0110,0000010,000100,000100,1001,1001,0,0,
1000000001100000111001,10000111001,0011000100,00110000011,0011000100,0011000100,10111000011,1000000,000010,00001,1001,000,00001,0,1000100,
01100000111000,0000000110001,001000000100,01010000100100,101101010,000011100,0011000100,001000100100,10000,001000001100,1001,10011,001,000,
01010000100100,0000101001,001000011100,0011000110,0011000000100110000011,000011100,00110000011,0011000110,00000011,0000,0000,1,1001,011110011,0,
01010100100010,01010,001000011100,,,,,,,000010000,,,,100,,,,,,,,00,0,,,,,
0001,100011,001000000100,00110000001,00110000011,0011000100,000010000,0000010,0010000,000111000,11000,1001,000,100110,0,
01010000111000,0000000110001,001000000100,001000100100,001000101100,0011000110,000010000,000010000,00100011,,000010011100100,1001,1100000110000001000011,0,0,
01100011,1000000101001,1000001100,000011000,0010000100011011,11000001100000,0000010,0000010,000100,001000001100,1001,001,010,0,
00000001100101101110,001000000100,001000011100,1100100,001000011100,000010000,1,01010000100100,01000,,1001,,,,01100011,0,1000100,0,
111100000010,0000000111001,001001011,1000010011,0,0011000110,01010,000000011,000110,000100,10011,0000000111001,000111000,000,
10010000100100,100100010,01100011,01100,00,0,00110000011,1001,1000100,0000010,
110011011101001,0000000111001,000100,10010000100100,0011100100,11000,11100011,000011000,1,00001100100,1001,100,00,00,
011100011,101100100,001000001100,11100011,0000000111001,001000001100,000010000,1000010,000110,111001,01000011,000,100011,00,1000100,0,
01100000111000,0000100110001,00,001000011100,1011010000111001,000011000,00000011,0000000,000100,10010,10011,000010,1101,1,0010,
0010000011001001,0000100,1010000001000001100,00110000011,10011,0011000100,11100011,001000111001000001100,0000000,000,11100101100,0,
11000001100000001000111001000101001,1010000,001101100100000011000100,01000011,01100011,1000000,0000000,0000000,000110,00011,01000,0,0,
01100100100010,0000100110001,101100100,,001000001100,100011,100110,00100011,0000010,000010,1000010,000110,000,00,001000000100,11100011,
11110011000101100,001,001000000100,0011000000101100,0011000100,0011100100,000111000,0000010,000010,00001,1001,000,00,0,
1000010011010,0000000111001,1011111100,,00110000011,000010000,01000011,00100011,100111,00001,1001,11000,000000011,00,0,
11000001100000,00,001001011011,
011000100010110001000011010000,001000000100,00000011100100,0011000110,01100,11000011,0000010,00110000001,00001,1001,000,000110,00,
000111000,0000000110101100100,001000001100,0000010,100101000000,10111000011,000011000,100110,000010,000100,1001,001,00,0,
,010101,00100100110000001,11000011,00110000011,000111000,001001011001,000,000010,00001,10011,00011,000,,0000000,001000101100,
1000000011100100000000111001,00000001110000100111,0000001000101100,10010000100100,000,1000010,11100011,100100010,1001,0000000111001,00,0,
000110001000,11100011,001001,,00111000011,000010000,000011000,11100011,0000010,000100,01001,000010,000,1101,0,
1000000000100011001,001000000100,10111000011,00110000011,01100011,10011,0011000110,10011,000010,00001,1001,000110000,0,
11000001100000,0010000110011,001000000100,10111000011,001000010111,000010000,01000,011,000010,00001,,001,,100,0,0,1000010,
11000001100000,001000101100,0010010111100,00110000001,110001,000010000,11100011,00001,,00001,1001,100,00,0,
01100000111000,0000000110001,111001,000010000,0111,0010000111000011000100,00100011,100111011,1001,1001,1,1101,0,
11000001100000,10000001110,011001,00110000001,000010,000111000,,11100011,0000010,000010,01001,011110011,
01100,00,11,001000000100,00,00111001001,10010,01100011,1000010,00000011,1011,1001,001,00,1,0,
01100100100010,0000000111001,001000000100,001000011100,1000000,000011,00,0000100001,1100,00001,1001,10010000100100,000,0,
01000011000011000110,00001001101000,00110000001,001110,000010000,11000011,0000000,000010,000100,1101,000,00,00,
000,100111,101000001100,000011100,101011,01100011,0000010,0000010,000000110000011,1000000101001,1001001000000100,11000,
10000000100101010000001010011,001001001000101100,00110000011,0011000110,00,000100,0000100001,11000001100000,00001,1001,001,000,0000000111001,0,
110011011000100,010011000001100000,001000001100,000000011,10,000011000,0000000111001,1000000,0000000,000011,10011,000,00,0,10,110011,
01010000100100,0000100001001,10010000100100,01100,0011011,000011100,000011000,00001,00000,1100100,10011,000010,1101,,10,100,
1000010111100,1110,001000000100,1101,110000110011,0011000110,00100011,00111000011,000110,000000011,0000100110001,001,00,01010,
00100001100110,0000000111001,001000000100,00110000001,0011100100,00110000011,001000001100,10000101,10,001000101100,000110,000,11000,001000100100,
0010000000110011001110,00111000011,001000101100,001000011100,000010000,00000011,1000000,0000000,1000000,1001,100,010,1,100011,11100011,000010,
11001101101000,0000000111001,011,000,100011,0011000100,01000011,011,000010000,01001,,01110,,00,00001,
11001101101000,0000000111001,001001,00000011,0000000111001,000011100,01000011,11000011,10010000100100,010,0011000110,0000000111001,000011000,010,0,
00110000001,1001000101001,10001000011100,00110000001,0111100111101100,11000,1000100,0000
01010000110,0000000110001,001000000100,001000100100,100100010,10,001001,0010,01110,00000011,0000,1001,000,000010000,001000000100,
110011011000010111,1000000,0000100110001,0000100,000100,00,10111000011,100110,0110,1001,01000,1101,0,0,0,
0101010111,001000111001,11000011,0011,011110011,0011000100,10111000011,00100011,000010,000100,001,001,0,0,0,
0010000000000100010110000110001001,100101000100,0011100100,0011000110,000011000,0000010,0000010,000010,01001,1001,0011,1110,
01010000100100,00000001101000,001000001100,11000011,001000001100,000010000,000010000,0000010,000,000010,000010,1001,000,0010,0,
1000000011010010000001000000100,1010111000011,00110000011,000010000,000010000,0011000110,1101,0000000,100011,0100,1000000,000010,100,0,
10000001100100,0000100110001,001000000100011,01010000100100,0111100110000100,000010000,1000010,000000011,000010,1100100,1001,0011100100,001000001100,,00,0,
1000000011,0000000111001,0000000110000011,0011011,10,0011000100,000011000,11000011,100110,011110011,100,0000010,1000000101001,10,
010101000010011,0000100110001,111001,1000000,001000010111000011,001000101100,01000011,1001101,10,000011100,1001,000,0011000110,01000011,
11000001100000,1100111,0101,00110000001,0111100110,,,01,0000010,000100,00001,11,0000100110001,000,0,
01010000100100,0000000110101100100,001000001100,00110000001,01111001101110,000011000,01100011,1000000,000010,00001,10010,001,00,0,
1000010011,11001001,000000011,0000100,0011110011,001100010001110,11100011,000,000010,01001,1001,1,00,1,
10000000110111100,0010000001001000100,00110000011,0011000100,00111000011,00000011100,100011,00000,1001,001,00,0,0,
100000001101001000100,0000000,10111000011,001000001100,000010000,000011000,11100011,10011,000010,00001,1001,000,00,100,
0100000000110001,000011101100110000011,00110000001,01111001111000011,000010000,11000001100000,001,000010,001000001100,1001,,1001,,0,0,
01010101111001001,00111000011,00110000011,10011,0011000100,1100100,000011000,100011,
10000001101100,00011,00100011,11000001100000,00110001000100,00110000011,1000000,0100100001,000010,000100,1001,000,0101,001,
11000001100000,10000001000100,0100,001000011100,00110000011,1,1000000101001,0110,000,,1000100,1001,1001,1101,00,
001000001100,00000011000110,1000000101001,001110000111001,0011100100,11000,,11100011,000111,00001,1001,01010,1001,0,
11000001100000,00001100111,1011,00110000001,101001,0011000110,0011000100,00011,00100011,10010000100100,00001,1001,00,000,
0010,1000000101001,0000100111,1100,0000100011,,,111,00001,,00001,,1001,,,00,0,0,0,
000111001,111100,001000000100,10111000011,011011111,000010000,01100011,000011000,0000000,00001,1001,000,00,00,100,
001,000000011111100011000010000,0011,0011000110,0011000110,111100,11100011,0000010,000010,00001,1001,000,00,0,
1101,1001110000100111,001000000100,1000000101001,000010,0011000100,11000,01001,1000010,00001,1001,001,000,0,00,
01010000100100,000110,00001000000110000001,10111000011,00111001000110000011,000011000,000011000,000011000,1110001100001,10011,100,1001,00,
01100100100010,0000100110001,001000100100,000011100,00110000011,0011000100,0000010,0110,1000000,000011,000100,1001,1001,0000000111001,0,111100,
0110010111000011,0000000110001,001000000100,00,010000,0011000100,110011,0011,0000000,0100000,1001,1001,00,01,
01010000100100,11000001100000,0000000111001,000010000,,00110000001,10000,000010000,01001,0000010,000010,00001,1001,00011,,
01101000,100,0000110011,01010000100100,0101100,1101,,01100011,01100,000010,00001,,,00,010,00,
01010000100100,0000000111001,0011100100,0011100100,00110000001,,000010000,000010000,0000010,0000000,100,00001,000110,000,00,0,
01110011,110011,0010011100,,1011011,01110,000010000011,1000000,01010000100100,000100,001000100100,000,1101,,00,0,
01010000100100,10111000011,000110,0010001100000011,01,001001,000111000,000010000,000011000,100100010,00001,1000010,100,00,0000000111001,
0101100,00001011,001000000100,00111000011,001000001100,0,01000011,0011000110,111100,1000010,00001,1001,100,011,1,
11001101101110000,001000011100,00111000011,00001110000001,000011100,0011000100,1000010,100011,11000001100000,1001,100,00,00,0,
0000,101110000111,01010,00110000001,100011,0011000100,0011000100,000011,00001,000100,1001,,01100,00,0,0,
10010000100100,0000000110000100,1000010,0110011110011,0111100111,000011000,0000000111001,0000010,000010,00001,00110000001,00111000011,00,1000010,
00100001000100001000011100,00100011011001,00110000001,01010,0011000110,000011100,00001,011110011,11000001100000,01000011,000,00,0,0101100,0,
1100100,0000000,001001011100,10010,0011000100,000010000,000010000,1000010,000,0011000110,1001,100110,1000010011,010,0,
1111001001000101100001000011100,00110000001,00110000011,001000100100,000010000,000011000,0011,00110000001,10111000011,0000000,01110,001,00,0,
11000001100000,0000000110001,00100111000010000,00110110111,000010000,00000011,10011000110,100110,1001,100110,01100011,0,
010000001000011100,00110000001,0011000110,00110000001,00110000011,000010000,000111000,00100011,0000010,000010,00001,00011,000,00,0,
01010000100100,0000110010011,00100101100,00110000011,00000011,000010000,000010000,00100011,100100010,000100,0000100,000,0000000111001,1,
0010000101100100,000010001100111001,0110010110111100110,10111000011,11100011,0000000,1000000,001000011100,000011100,001,0011000100,1000000,1110,0000,
01100000111000,0000000110001,101011111100,,100110,0011000100,,01100011,00000100,00001,000100,001,0010000,0,
11000001100000,100100010,0010010111100,00110000001,00110000011,0011000100,00000011,1000010,000011000,00001,000100,1001,00,0,
100000001101000,00100011110011011,000110,01111001100011,000010000,1101100,11000,1001,000100,00,100,010,0,0,
10000000110111,00001000001000,000010,10111000011,1000010011,0011000100,000011000,00100011,11100011,00001,1001,1001,00,0,0,
11000001100000,1000000101001,0000100001001,00110000011,111100,0011000110,10011,11100011,,,,00001,,0000000111001,001,00,00100011,0,0011000110,
010000110001001,00001101001,10011,01111001101001,0011000100,000011000,1001101000100,00001,1001,100100011,1,
01010000100100,1001000101001,0110010000,10000,000111000,0011000100,11000011,0000100001,0011000100,000100,1001,1001,010,00,0,
01100100100010,0000100110001,001000100100,0110,00110000111001,
01010000100100,000111000,0000000010000,10111000011,0010000001000100100,0100,000110,1001,100011,00001,000100,100,000010,0,
11000001100000,1000000101001,0000001000011100,001000011100,00110000011,1100011,001000100100,1000010,00000011,1011,1001,001,1001,0,00111000011,0,11100110000001,0,1000000101001,00001,10010000100100,011,0100,000100,10010,0000000110001,
11001,001,001000111100,00111000011,0111010000,01000011,0000010,0000010,000010,01110,1001,10011,00,0,
10000100111100,0000000110001,001000000100,00,00110000011,1,000111000,00000011,1000000,000010,000100,1101,001,00,0,
01000011000000010000011100,001000000100,00110000011,000000011000100110000011,001000000100,0011000100,0000100110001,00100011,010000,00100011,001,00100011,0,1110,0,
10010000100100,00000001100,00110000011,00111000011,001000001100,1000000111100,,000011000,0000010,000010,00001,1001,100,00,100,001000000100,100,0111100110,0000000,0011100100,0011,
100001011000101100,010000,001000000100,00110000001,1000100,00100011,01000011,11000,1000010,000010,100100010,01000,001,,,00,
11000001100000,1000000101001,001001011100,00110000001,0011000100,00011,01000011,1000010,10,00001,
01010000100100,0000100001001,001000000100,11000011,00110000011,000010000,000000011,0000,0000010,000010,01001,000000011,000,001,0,
001000011001100100011,0000100,0000100,0000000110001,0011,100100010,010000111,00000100,00111000011,000100,0,00,001110,0011,
0000100101001,0000000111001,0000010,
0000000110001111001,10111000011,101110000110101,0000000,001000000100,000011000,0011000100,000011000,0000000,00001,1001,1001,00,010,0,000010,0010001001000,0010,010000,000011,
11000001100000,1101100,001001011110000,00110000011,0011000100,000010000,0011000110,10010,,00001,1001,01000,1001,0,0,
00110000000111100100,00001000010010000100100011,11,0011011,000011000,0110,10011,000010,01100011,1001,000000011,1000100,100,
1101100,111101,11000011,00110000011,001000011100,0011000100,000010000,0000010,010,000,000100,1001,001,0,1,0,000011000,10111000011,1101,00100011,
11000001100000,001001100,000100,0000010,0011111,0011000110,000010000,01000,01110,10,,1001,100,00,01010,
000110001000011,0000100001,11,0011000001111000001100000,000011100,0011000110100,00000011,000011,11000,1101,100,000010,100,
0000000110001101110000111110,0011000110,000010000,
11000001100000,10000001,10111,00001,,0011000100,,,11100011,00110000001,,00001,,,,100,00,,,,0,,
01100100100010,00,0000100110001,10111000011,0010000,0011000100,000011000,00100011,0000000,000010,00001,1001,000,00,0,
11000001100000,10000001,101100,0011011100,0011000100,00110000011,1000010,00110000001,0011000110,000100,1001,010,01100,0,010,
01010000100100,000000001100011,001000100100,10111000011,001101010000100100,1000010011,0010000,000011000,000110,000010,0000000,001,1001,110011,,,0,
01010101100100,00001000001100,001000011100,10010000100100,111100,10,11000011,0000010,1000010,000100,001000011100,100,00,0,10,00,00001,000010,0000000,0100,11
1000010011010000,00110000001,001000000100,00111000011,111001,0011000110,000111000,0011000110,00001,0000000110001,00001,1001,100,00,0,
110001010,0000000110001,100110,00110000011,0011,10010000100100,000011000,11100011,00001,101001,00001,1001,100,00,100,
1000000101001,01100101001,001000011100,01,0011000110,100110,111000011000,001000011100,000010000,000100,1001,100,00,0,000011,000010,0010,000010000,000000110,010000,
0001100001000011100,00001001110011110011,00,000010000,000011000,11100011,1000000,000011,00001,0010000,1000000,1101011,0,
01010000100100,000011100,1000000,001000001100101001,000,0011000110,000011000,00000011,
11000001100000,1101100,,001000100100,10111000011100,001110010,000111000,101001,0000010,000010,110011,0000100011,1001,00,
10000001101100,10111,001000001100,00110000001,1001011100011,000010000,01100011,0000010,000010,000100,000011,1000000101001,00,0,
011000010000,000000011000100110000011,0000000110001,1000100,10111000011,0011000100,0011000100,1000010,011110011,1000000,111,1001,00,00,
0100001100001,000010,0010000,000000011,011110011011110011,000011000,0000010,0000010,000010,00001,01110,1001,01000110000011,
01010000100100,100100010010001,01100,001000101100,00011,000011100,,11000011,0000010,000100,100110,1001,1001,00,0,
00001011001100010111000011100,000010001000011,0000000,0011000110,000011000,11100011,0000010,000010,000100,100111,00,0,
1000000000110,1101,000011000,00111000011,00110000011,0011000110,111100,,0000010,000010,0000101100,01110,1001,00,
01100100100010,000000011000110010100011000100,00100011,1011100001100110000011,000111000,01100011,0000000,000010,000100,1001,01010,000,0,
110011011011100,001000000100,000011000,001000001001,0011000100,11100011,0000000,000011000,001000101100,1001,001,00,0,0011000100,
0110010010000100100,01100011,000011,001000100100,101011,0011000110,110011,1000010,01110,1000010,01000,000,00,0,
01010000100100,0000000000010000,001000111100,00110000001,01111001111000011,000010000,01100011,0000010,000010,00001,1001,001,00,0,
10000001101100,0101100,001000011100,00110000011,00110000011,1,11000001100000,0011000110,0000010,000010,00001,00110000001,001,00,0,
11010101100100,0000100001001,00111000011,1100110000011,,011110011,11100011,0000010,
10010000100100,1001000101110,10111100,,111000111,000010000,01100,11100011,100110,00001,1001,1001,001,0,
01010000100100,1001000101001,001000111100,001101110110011000100,000010000,00100011,110011,000010011,0011100100,010,1001,00,0,
1000000001000001100,01100011,00100011000110,001000101100,01111001110,000010000,01100011,11100011,00000011,000100,10011,0011000100,00,0010,
001000000000001100010,000010001100000010000,001000000100,1110,000010000,01000011,1101,10010000100100,001000001100,0011100100,100,001,111100,0,0,
01100000111000,0000000110001,101011100110,,11000,000010000,00,000011000,10,000010,000100,1001,00,00,00,0,
01100011,10000001101100,10011101,1110111000011,1100000110,0000010,000011000,0011,0000000,100011,001,00,000000011,
010000,0000111001,000110,00111000011,00110000001,10,000010000,11100011,1100000110000000001,00001,1001,100110,001,0,
01010000100100,1001000101001,001000100100,111100,100,00001000000001,000110,000110,100110,00001,1001,1001,00,1100100,
11000001100000,01110,100,001001,0011000000100,0010,000111000,00001,0000010,000010,00001,001,0000100,00,100,
0100001100001,00000111100110110000001,011110011011110011000010000101001,000010000111,0000000,000010,11000001100000,1001,100,10000,1,
11000001100000,100000001100011,010101001,00,11100011,0000100110001,01000011,1000010,0000010,01001,1001,010,1001,00,0,111100,
01100001000101100,01001,0011000100,00,00110000011,0011000100,0011000100,0110,000011000,0000000,000100,10011100,1001,00,0,
10000001101100,00001001100011,001000001100,0011000100,01111001110,0011000100,01100011,111001,10111000011,
0110011000,000,001000000100,000010000,00110000011,0011000110,01000011,100100010,1000000,000010,01001,1001,1,00,0,
100000001101000,0000000111001,1001,01110,0011000100,0011000110,,01100011,1101,1101100,000100,1001,00011,00,0,
11001101101000,0000000111001,011001000100,01110,0011000100,11,11100011,000111000,000010,00001,1000100,001,00,0,
01111000101100,000000011100101100,1000000,01110,0011000110,000011000,000011000,0000010,0000000,1100100,1001,100,10,1100100,
00011000010,1001,011001000100,001000010111000011,01110,000011000,1000010,00000011,10111000011,1001,1001,00,00,
11001101111001,10010000100100,00111000011,1101100,1,000010000,11100011,1000010,,,01000,1001,100,00,001001,
11000001100000,1000000011,1000000011,1101100,00110000011,000011,0011000100,0110,000110,0000000110001,001000000100,01010,1001,1011,00,
1000010011001000000100,0000000110001,100110,001000100100,0011000001111000011,001000011100,110011,010000,1000010,010,1001,100,0001110,0,000001,
11000001100000,1000000101001,001001011000110,00100011011001,0011000100,0011000100,100110,000100,000011,00100011,0000000111001,1001,000111000,
11000001100000,1000000100101,1100,1000000101001,100101,000010000,11000011,01100011,000010,100100010,111100,100,00,1100,
11000001100000,1000000101001,111100,00100110010,000011100,000010000,0000100,00001100000001101000,00001,0000100110001,100,1001,0,
1000000011011010001000100,001000000100,00110000001,0000000010000,000010000,00110000011,1011011,00001,
11000001100000,1000000101001,001001011010000,01100,0011000100,0000100001100,111,100011,000010,01,1001,001,010,00,
