11000001101010,0000000111001,001001011100,00111000011,0010000100,000010000,00000011,1000100,000110,00011,1001,000,00,1,
11010001100100,1000000100001,001000011101,00110000011,0011000100,000010000,01100011,1000010,100010,00001,1001,001,00,0,
11010000100100,1000000101001,001000001100,10111100011,0011100100,000011001,00000011,0000000,100000,00011,0001,001,00,1,
11010001100101,1000000000001,001000001101,00110000011,0011000100,000011001,01100011,1000010,100010,00001,0001,001,00,0,
10010001101100,0000000111001,001000001100,00110000011,0011000110,000011000,00000011,0000010,100011,00001,1001,100,00,1,
01000001001100,0000000111001,001000001100,00110000011,0011000110,000011000,00000011,0000010,101111,01001,1001,000,00,1,
10000101100101,1000000000101,001000001101,00110000011,0011000100,000011001,01100011,1000010,000110,00001,0001,001,00,0,
11011000101101,0000000001001,001000000100,00111000011,0011100100,000011000,00000011,1000000,100011,00001,1001,001,00,1,
11010000100101,1000000011001,001000001100,00110000011,0011100100,000011000,01100011,1000010,100010,00001,1001,000,00,0,
11010000100101,1001000001001,001000000100,00110000001,0011100110,000011000,10000011,0000010,100011,00001,1001,001,00,1,
00010001100100,1000100101111,001000001100,00110000011,0011000100,000011000,00000011,1100010,100000,00110,1001,001,00,0,
11010001111100,0000000110001,001000001100,00110000001,0011000110,000011000,11100011,0000010,100010,00001,1001,000,00,0,
10010000101100,0000001111001,001000011100,00110000001,0011100100,000010000,10000011,1000010,100011,00000,1001,100,00,1,
01001001011000,0000100110011,001001000100,00110000011,0011000100,000011000,00000011,1000010,110110,10010,1001,000,00,0,
00000001011100,0000001110011,001000001100,00110000011,0011000110,000011000,00000011,0000010,110110,10000,1001,100,00,1,
10010000100101,1000000000101,001000001101,00110000001,0111100100,000011000,11100011,1000010,000010,00001,1001,001,00,0,
00011000101000,0000001111001,001000000100,00111000011,1011100100,000011100,00000011,1000000,100011,01000,1001,000,00,1,
10011000100000,0001000101001,001000000100,10110000011,1011100111,000011101,00000011,0000000,000011,00001,0001,001,00,1,
10011000100000,0001000101001,001000000100,10111000011,1011100101,000011101,00000011,0000000,000011,00001,0001,001,00,1,
00011000100000,0010000101001,001000000100,00110000011,1111100101,000111100,01000011,1000010,000010,01000,1001,001,00,0,
0001,1001000001001,001000001101,00110000001,0011100110,000011000,10000011,0000010,100011,11001,1001,0001,00,1,1100,
110110001011011000000110,110011,00110000011,00110000011,0011000100,000011000,1000010,000010,00001,000011101,1001,00,00000100,1,
0000000000111001,100000010111000000001111001,0100,0011000100,0011000100101,00000011,100000,1000010,00001,0001,00,00,1,
1111000111,0000000111001,1111100,
111100011101,00000011,10011000001,000011,000011001,,00000011,00000011,0000000,100000,00001,1001,001,,0011000110,
10010001,100,0000111011000100,001000000100,11001,000011000,000011001,110110,0000010,00001,1001,000,00,0,1000000,
11100011100111100,000010,001000000100,0011100,00111000011,000011101,0001,0000000,000010,10000,11001,1001,001,00111000011,
0001100010000010,00000001100001000,001000001101,001000001100,,11100011,0000000111001,0000000,0011,00001,,1001,00,1,000001001001,,000000000,000010,,00000011,0011000110,10001100100,1,
00000001011100,,00110000001,001000001100,00110000011,00110000011,00000011,100011,110110,100011,00000011,001,100,00,1,
10010000101100,0000001111001,001000011100,00110000001,000011000,111,11100011,1000010,0000010,00001,00001,,1001,,00000,0,
11010001111100,00000011,00010001010011100,110110,
00010001100100,1000100101111,001000001100,101110010000,,000011000,1100100,1100010,100000,1,00011,001,10000,1,
11100,11100,0000000111001,001000001100,00110000011,0011,000011000,000,0000010,100011,00001,1001,100,00,1,
0001100111100100,0000001111001,0000111001,101110000011,1001000,00000011,1000010,000010,00000,1001,001,00,00,
010000000011,100000000000011,001000001100,00101001,00110000011,0011000100,000011001,0000010,0011000110,100010,1001,001,00,1,0,
1000000000101101,0010100110011,001000001100,00110000011,0011000110,000010000,00000011,10000011,110110,100010,11000,100,00,1,0,
11010001101001,110011,0010011000,0011,0011000100,0000110011,0000000,00100,100010,0001,11100011,000,1,1,
1101000110000000111001,1100010,001000001100,10111100011,0011000100,000011100,00000011,1000,100011,111010000100,1001,00,0,0,
01000000100,1000000000101,1,00110000001,0011000100,000011001,00000011,,1000010,0001000101001,,,0100000,,,01100011,1,
000110100,1000000000101,001000001101,00110000001,101,1011100,00000011,0000010,0000000,100000,000110,00011,00,00,00,00110000011,10010,000011001,001,,
00000101100,0000001111001,0000000111001,00100001110010000100,1011100,000011001,1000010,0000010,110011,100010,0001,1001,0000100,
10010000101100010011000100000,110110,001000001100,001000001100,0011000110,000011000,00000011,0000010,100011,10000,1000111,00011,,1,
00010001100100,100011,110011,000011000,011000,,000011000,000011,1000000,,01001,1001,1001,1001100,00,0,
10000101100101,1000000000101,10010000000,1000100,1001000010,000011,0011,01100011,1000100,00001,00011,100,00,1,
00001010001100100,110001010000011,001000000100,0001,000000000,000011000,0011000100,01100011,0000010,,00011,100010,,00,1,00000,
100110000000011100,1001000,001000001100,00110000011,00111000011,000011000,00000011,11100011,100011,00110000011,0000001111001,1001,00,1,
10011000100000,0001000101001,001000000100111,00110000011,000100010100111010000100,00110000011,00000011,0000000,0001000101001,,0000010,11010000100,000,1,1,
10011000100000,001000001101,001000000100,100000001100101,1011100101,000011101,0001000101001,0000000,110011,00001,1001,001,00,1,
11010001100101,1000000110001,1000010,00000,0011000100,000011000,01100011,1000010,00001,00001,0001,001,00,0,
1101000010000001000001000101001,000000011000111100000,00111001,10010000100,000011000,10001100100,100011,1100,1001,001,00,00,
11010000100101,1001000001,1001,00110000001,10000,001,0011100,1000010,01100011,0000000111001,00001,0001,00,000,1,0001000000,00110000001,101001,0,
00001000011100,1000000000101,10111001111,,110011,1100100,00000011,00000011,0000000,1000010,100010,00001,0,00,00,11100011,
00001011110001111100,000000011110001100,00110000011,00110000011,000011000,1001000,00000011,0011000110,100010,0001,1001,000,00,
1100000000101001,00110000001,00111000011,10101111,00100000011101,001111,000011,00001,00001,1001,00,001100100,1,
100100001001100101,00001,00100000110111010000100,00110000001,00110000001,000011000,00000011,11010000100101,100011,00001,00001,10010,0000100,1,100,
11010000100101,1001000001001,0000000111001,00110000001,01000,0011000100,000011000,1,1100010,00001,11100011,,000,00,1011100,
11010001111100,00110000001,001000001100,10110110,00110000011,0011100100,000010000,1111100,00000011,01000,0001,1001,001,1,1,
11000001101010,1001000,001000011100100,001000000100,1,000011001,0000000,100011,00100,0000001111001,1001,00,00,1011100,
0100
0000101000000011001,11000,000110,10111100011,0011100100,00000011,00000011,100000,0000000111001,00001,00101001,001,00000,1,
11011000101100101,10000001111100,001000011101,0011100100,000011101,0001000101001,01100011,100011,01000,00001,001,001,001,00110000011,
000111,10001100100,00,00110000001,00110000001,100010,1000010,11001,00000011,0011100,00001,100100000,00,,1,0,
1101100010001110011000,10010000100,110011,01100011,0011000100,00000011,0,1011100,000,00001,1000000,001,00,1,0,
00001000010011,1000000000101,00001,1001,01110011,0000110001000,11100011,0000000,10010,00001,001,001,001,10000,
11010001100100,000011000,001000001101,001000001100,0011000100,000011000,,00000011,10010,1100,01001,1001,,001,00,1,
1101111000110001000101001,1000000000101,10001100100,001000001100,1100100,00,000011000,01100011,100011,000000000,00001,100,00,00,0000010,
10010000101100100,001000000100,001000001100,00110000011,11010000100101,1001100,10010000100,0000010,1001,011,1001,000011001,00,1,
000001010010001000101001000011000,001000000100,00110000001,0011100110,000011000,11100011,0001000101001,000011,00001,00001,001,000,0,
11011100011,1000000100001,001000001100,000000000,0000010,0011100100,1,1001000,1000100,10010000100,11011000011,1000010,001,0,
1000010100000000001000101001,0000000111001,10111000011,000011001,0001111000,000,1000010,110110,00001,1001,001,00,1,
111,0001000101001,1101,001000011,001000001100,11010000100,00000011,0000001100,100011,001100100,0000001111001,000,00,
10011000100000,11000,0,0011100,00110000011,11100011,0000000,00000011,1001000,00110000001,00001,1001,100,00,0000100,
11010001100100,1000000100001,00100111,00100101,0011000100,000010000,10001100100,1000100,100010,000110,,00,00,0,
11001001001000,1000000101001,001000001100,100100,11000100000,0011000100,000010000,
10000011,000011001,,100,00110000011,00111001000100,0100,0,0000010,111100011,00001,1001,001,00,,1,
10011000100000,0001000101001,001000000100,10111001100100,000011100,0011000100,000011100,00000011,1100010,000,00011,0011,1001,00,001000001100,
100,1000100,001000000100,1000000,
100100000100101,100000000001,00110000011,1000010,00111001001001,0000010,01000,00001,0001000101001,0001,00,001,1,
10010000100101,1000000000101,001000001101,00110000011,0011000100,00110000011,01100011,1000010,1001000010,00001,0001,0001,1001,0,0001,
000010101,0011,01100011,00110000011,001000000100,0011100,1000010,0011100,1000000,0011000100,000110,00111000011,001,000,
11001001100,0000000,01000,1001000010,00110000011,00110000011,000011001,1000010,0011000100,000010011000110,1001,1111,
110100001001011101,00001001111,00110000001,00000,0011100100,0011000100,00000011,000000001100011,0001,1001,,10,00,00,
000000011100,10000000101001110011,00110000011,00110000011,0011000100,000011001,000011001,110110,100000,01100011,00110000001,1001,1000,00,00011,
1000000000011,0000000111001,001000000100,001000001100,0011100110,01100011,000011000,0000000,000010,100010,1001,101001,00,0,
000011,1111,1000000000101,001000000100,00110000011,00110000011,001,00000011,0000010,11010000100,10000,1001,1100100,10000011,00,
0000100000,100000010001100100,001000001100,1011100,0011000110,,000110,00000011,1000100,11000100000,00111001,100,001,00,
0000100000001000101001,,1000000001000001100,10000011,,,000011000,,
0100000000011100,0000000111001,00,001000001100,00110000011,000011000,000011101,000010000,110110,000011,00011,0001,1001,000,,
11011000101100,000011,100000,0001000101001,00110000011,1100,1000,01100011,1000010,000011100,00001,01001,00,0,0,
10001111100011,0,001000001101,001000001100,0011000100,110110,1000000,110110,000110,0011100,000,000011,1001,00,1,
11010001100100,0000001111001,00010001010011000000001,00110000011,0011000100,01001,000011001,1000000,000110,0001,00001,000011000,001,1,1,
1100000110101,110011,00100000011001,1111,1,000011000,1100010,100011,000110,11110001100110000001,,001,1,1,
10010000101100,001000100000000011101,01001,0011000100,00110000011,0011000100,
00000001000001000101001,0000000110001,001000000100,0000001111001,10111000011000110,00000011,0000000111001,100000,0011000110,0001,001,00,00,
11010001100100101,00000000100000010000110000011,0011000100,0000001111001,011,1100100,1000000,11010000100,100010,00001,001,00011,00,
11010000100101,0000000111001,001000000100,100100000,00110000011,1100100,000011000,00000011,
0011000110,0001000101001,0000000111001,001000001100,00011,0011000110,100000,00000011,100011,0000010,00001,1001,100,00,1,
11001100101,0000000111001,001000011100,11100,0011100100100,00000011,00011,11100011,100011,1000010,00001,001,00,1,0000000,
00001110011100,1000000100011001001,0010000110011000100,000011101,000011100,00110000001,000110,00001100010010,1001,0000000111001,00,1,
10011000100000,0001000101001,001000000100,00010001010010011,1011100101,00011,00000011,1000,001000000100,00001,1001000,001,001,0,000110,
01001001011000,0000100110011,00000,0111100100,0011000100,1000000,1000010,1000,00001,00001,1001,00,1,0,
10011000100000,0001000101001,0000000111001,001000000100,001,1011100100,000011100,00000011,1000000,100011,1001000010,1001,001,00,1,
10010001101100010,00001001100100,00110000011,001000001101,000011000,00110000001,1000010,00000001100101,100010,00001,001,001,00011,001000001100,
11010000100101,000110,,000011101,00001,0011000110,000011000,10000011,00000011,00,1000000000101,00001,00001,000,,0,
1101100,1000000100001,001000011101,00110000011,00001,000010000,01100011,0100,00110000011,0011000110,,001,0011000100,0,
010000000000,10000001000000001100110001100100,00110000011,0011000110,0011000110,00000011,1000010,1000010,100011,0,,,00,1,
0000111001100101,1000000000101,001000001101,00110000011,100010,1000010,1000010,11010000100101,0011100,00001,11100011,001,1001,001,00111000011,
00000001011100,000011001,0001,00000011,0011100110,000011000,000011000,00000011,110110,11100,00111001,0001000101001,0,1,
001000001100,100,0000000111001,00,00110000011,0011000110,110,,00000011,11010000100101,00000011,000011001,,1001,00000011,00,
010000000011110010000010,10010,001000001100,00000,10111001000000,10000011,00000011,0000000111001,11100011,01000,100000100,001,1,
10001010010110001100100,001000001101,
01001001011000100101001,0,1001000001001,000011000,00100,00000011,0000000,10,00011,00001,00,0,1,
0000001111001,1000,10000000011,0010000,00000,0011000110,000011100,0000010,1100,,00011,1001,1001000,,00,1,
11011000100000001111001,100000011100,11010000100,0111,0011100100,,1000010,1100010,100011,0011000100,11000,1001,00,1,0011000110,
000100010,110011,001000001100,00110000011,1000010,0011100100,000000110,00000011,100011,00001,0,,1001,00,00011,1000001,1,100,1100100,000,1001,110110,,,0100000,000,10000000,0000000111001,000010,00000011,11010000100101,
10011000100000,000100010100111001011,001000001100,
110000011001,00111000011,0000001111001,0010000110,00100,000011000,01100011,1000000,100011,00001,0011100,000,1011100,000011,010011,1001,1100010,000011,1100100,1000010,1001,000110,11100011,,00111000011,100010,
10001111100,00110000011,001000011100,00110000001,00111000011,1000010,000011001,0000010,110110,00001,1001,00000011,001,1,
11010001100100,001000001101,0000111011,00110000011,10111001001000010,000000111001,0000010,0011000100,000000000,1001,1000010,00,1,
00010001010011011100,1000000100000100010011000,1001100,001000001100,000011000,0100000,1100101,100011,00110000011,1001,1001,001,1,
1100000110101111,101001,00100001000001101,10010000100,0011000100,10000011,00,100011,0000100,10010,1001,00,1,1,
01000000001111001,100000000011,000011100,00110000011,00110000011,00100,0000001111001,1000010,1000010,01001,10010,1000010,001,1,0,
00011000100011,111100011,001000000100,1000000000101,101110000000011,001000001101,00000011,1000000000101,000011,1001100,1000000,001,1,
10011000100000,0001000101001,0000000110001,10011000100000,0011000110,100,00000011,
100100001001011,0000001111001,1000100,001000001101,00110000011,000011000,0000010,10011,100011,00110000001,001,00101001,001,00,
1100111,,000010010001100100,,00001,,00101001,00000011,00000011,01100011,11010000100,100010,00001,1001,000,1,
1101001100,1000000001000001100,001000001100,,00110000011,00110000011,11100,000011101,1100010,100000,001,00011,1001,01000,00,0,
1100000010,10000001101111,001000001100,00110000011,
1101100,11000,001000001101,0,0011100110,000000000,000011100,00000011,110110,00001,1001,00,000011101,1,
101,001000001101,10000001011100,00100
00010001100100,100,001000000100,11100011,0111001000010,,000011000,000010000,100011,100000,00011,001,000,000,1,01000,
1100000101100,111,001000001100,0001000101001,001,000011000,00000011,11100,000010,0000000,0001,,1001,00,00,0,
100100000100000010010000100,0000000111001,001000001100,1111,10111001001000,0011100100,00000011,00000011,100011,10000000,1001,000,0,000,1,
10000101100101,1000010,0000000001001,0,00111000011,00100,1000010,0000010,110110,00001,1001000,1001,001,100,
10011000100000,0001000101001,0000001111001,001000000100,
1100101,101100,10010000010000000001001011100,11010000100,00000011,10000011,0000000,000010110,0001101,,1001,11100,1,1,
10001111010000100,1001100,0010001001,00111000011,00110000001,1000010,10000011,1000010,1000010,
10011000100000,1100101,10001100100,0,001000001100,00110000011,000011000010000,00000011,0000010,0001000101001,00001,1001,000,00,
1001011010000100,1000000000000011000001000000100,001000001100,0011000110,000011000,1001,0000000,00000011,0001000101001,0001,1000011100100,00,1,0,
10010000100101,1000000000101,001000011000110,10001100100,0011100100,000011000,10010000100,00000011,000010,000010,1001,100,00,001100000,0000000111001,
11000100000,1001,000000000001,10000,10111000000010,000011000,10000011,1000010,000010,00001,1001,00,00,11100,
11000000000000000,0000000001000001101,00110000001,11100011,0011100100,0011100100,1000010,1000000,1000010,000110,000,001,1001100,1,
0000010100010,1000000000101,001000001101,00110000011,0011000110,0011000110,000011000,1000010,1000000,00001,0001,0011000110,,001,1,01000000,1100100,
10000101001100,1000000000101,001000001101,00110000001001000000100,0000000111001,00110000011,11100011,0000010,100011,01001,1001,0000010,00,00,
11010000111001,01101000,000011101,00111000011,001000001101,11100011,000010,100011,100011,1001,001,00,00,0,
100100001001001100,001000000100,011000110,1111,1011100111,0100,001,11100,100000,1,1000010,00,00,101,
10010001101001,001000000100,1011100100100000,1011100101,000011000,00000011,0001000101001,100011,00001,001,001,00,0,
10011000100000,001000001101,001000000100,001000001100,111100011,1011100111,000011101,00000011,00000011,000011101,011,0001,000,00,000000000,
1101000000011001,1001,001000000100,1111100,10000,0011,00000011,0000010,100011,100011,00001,,1001,000,00110000011,0011000110,
1100101,0001000101001,1000000000101,001000001100,00110000011,001000001100,0011000110,00000011,1100010,100011,00001,00001,1111,001000000100,1,0,100,
11010001100101,1000000000001,001,00110000011,0001,000011000,00110000001,01100011,11000,11100011,100010,00,0,
000011,1000,0000000111001,101110000000011,0011000110,000011,000011100,00000011,110011,1100010,100010,0001,0001000101001,001,10011000100000,
11000111001100000000111001100000011110001101100011,001000001100,0011000110,000011000,000011000,0000010,00,0011,1001,1001000,001,00,0,
1000011000011000100,110000110,00110000001,0011100110,0011100100,11100011,0000010,100011,01001,1001,0001000101001,00,1,
11010001100100,1000000101001,001000001100,11000,00110000011,000011000,000011000,1000010,11100011,100010,101,00001,00,00,1100100,
10010000101100,10010,001000001100,001000011000011000,0011000100,10010000100,111100011,011000111111,10000,1001,00,000,1,
00001111010000100101,0000100001001010010000001111001,1000010,00110000011,0011000110,00000011,00000011,10000000101001,1001,001,00,1,
010000010001100100,10010,00000,11100011,00110000011,0011100100,000011000,00000011,1000000,100000,000110,1001000010,1001,
1101,
00000001011100,00000011,1111,0011100100,000001,000011000,10000011,00000011,000,110011,1001,0011000110,001,1,
1100101,0001000101001,001000000100,10000011001,1011100,1011100,000011101,00000011,0000000,01001,
00011000101111100,1000,1,001000000100,00110000011,0011100,000011000,0000010,100,100011,1001,001,000011000,00,
110100001,000010,001000001100,10000,00110000011,000011101,000011000,0000010,1000010,00001,00001,00000011,000,00,
1100000010,000110,0000100001,
10011000100000,0001000101001,10111001101,001000000100,10111000011,000011101,00000011,1100010,11010000100101,000010,0001,1001,000,1,
0000100001100,,,1001,00110000001,0100,0011000100,,,00000011,00001,0000000111001,0001,001,000011101,10000,10,111,
1001010001100100,1000000100001,00100000000011100111100,0011000100,0011000100,000010000,000011100,1000100,1100101,00001,1001,1100010,00,
11010000100101,000010,,1,01100011,00111000001000101001,0000010,10000011,10000011,1000010,1000000000101,1001,00,000,00,
11010000100101,100100000011,001000000100,00110000001,000011100,000,11100011,00000011,01001,100000,00001,10000000,1001,00,00,
00011000101000,0000000111001,001000001100,101001,001000001101,,0011,100011,,1000000,1001000,1001,1001,00,0,
1100011100,1000000001000001101,1001000010,0001,00111000011,0000100,00000011,110110,1000010,100010,1001,11100,1100100,00,
10000000001110011100,00001000000000001001,001000000100,11100011,0000110001100100,00000011,1000000,100000,000110,1001,1001,01000001,
110011,11010000100101,,,001000001100,001000000100,,000011000,00000011,00000011,,100011,100011,1001,00000011,00,1,
00011000101000,0000001111001,0,001000000100,10111001100100,0000100,00000011,00000011,001,111100011,0001,000,,1,
10011000100000,1001000000001,001000000100,00,011
11010000100101,100100000110,001000000100,00110000011,0011000110,1011100,01100011,0001,1000000,00001,00111001,001,00,1,
10011000100000,0001000101001,001000000100,10111000011,10111000000010,000011101,00000011,10000011,100011,00001,0001,0001,00,0,
0001001000010,1000000111,001000001100,10000,00110000011,0011000100,000011000,01100011,1000010,100010,00001,1000000,000,0,0,
11010000100101,100100000001000001101,001000000100,10001100100,011,000011000,11100011,00000011,00000011,000011001,0011,110110,1001,1,1,
100000010001100100,000011001,001000011100,00110000011,
000011000000000011000,10010000011,001,10010000100,0011100100,000011101,100,,0000010,10000,00001,1001,00,1,1,
11010000100100,1000000000101,11100011,
11010000100101,00000,001000000100,00110000011,00110000011,0011000110,000011000,00000011,10000000,110110,,100001,1001,1001,1,
001010010000000001001,001000000100,001000001100,001000000100,100000000011001,10010000100,00000011,0001000101001,000100010100111000000011,0001,110,00,1,
00011000101000,0001000101001100001,001000000100,10111001100101,00100,000011100,01100011,00000011,0001100011,0001,001,0001,1011100,
11010000100,0001000101001,0000001111001,00011,0001000101001,1011100
11010001100100,00000000000100001,1111100,0011000110,001000011000110,,00000011,101111,00001,1001,,,00,1,0,
000101001,1000000000101,1111100,00110000011,1100101,0011000100,1000010,11100011,1100010,1011010000100101,1001,001,00,00,0,
00011000101001,100100000001000001101,001000,0001,,000011100,000011,,11000,11100011,00001,,001,0011000100,1,1,
11010001100101,100000000100111110010000011,000011000,01001,11000100000,00000011,0000000,100000,101,0001,001,00,1,
000110011,1000000000101,00,1100,0011000100,000011001,11100,,0000000,100011,1000000000101,1001,,00,,1,
1111000110100,1000000000101,001000001101,001000001100,,00111000011,0000000,01100011,1000010,1000010,00,0,100001,00,,0,
10001100100,1001000001001,1000010,101001,00111001001000010,,001000000100,0000010,11100,00011,110110,00001,001,00,1,1,
000010010010,000010,000011100,00110000011,0011000100,100011,01001,0000010,10000011,1001,0100,000011000,000,0000010,0000001111001,
110110001011000,1000000000101,001000001100,0001000101001,
000000011100011,00000011,0000000001001,0,00,000011001,11100011,1000010,100011,00001,00001,1001,00,000010000,0,
10011000100000,0001000101001,001000000100,110011,011,10111001000,000011101,00000011,00000011,000011,0100,00001,000,00,1,
1101100010101001,10001100100,001000001100,00001,00110000011,0011000100,00101001,01100011,0000010,0000010,00001,1001,001,00,
100,0001000101001,100100,001000001100,0111100100,000011000,11100011,11100011,100011,001000000100,0001,001,00,0,
1100011000110,,
10010010100110010000100,1000001100100000110000001,000011100,0011000110,0011100,000000111,01001,00001,1001,1001,001,00,
0100100100100,11100,001000001100,00111000011,0011000100,000011000,0011000100,,,00000011,00001,00001,,000,00,,,1001000010,
10010000101011100,1000000000101,001000011100,001000001101,0000010,000011101,000011000,00000011,000010,10000,1001,100,0,1,
10010000100110110001000011100111001000000100,00001100010010,1011100,011,00000011,0000000111001,110110,0100011010000100,0001,001,00110000011,
10010000100101,0000001111001,1,1000010,0111100100,000011000,000011001,1000010,100011,100010,00001,000011000,001,00,
110110001010001111,0000000111001,000010000,0011100,10000110000011,000011000,01100011,1000000000101,00001,,,,,,,,,10011,,
00011000100000001111001,001000000100,1000000000110000011,0011000110,100,000011100000110,0000010,0000000,00001,00001,001,,00,,
01001,0001000101001,0000100110011,001000001100,000011000,00110000011,1011100,00000011,0000000,000011,0001,00001,1001,00,1,
110101001,1000000000101,001000001100,00110000001,00110000011,001,00000011,1011100,,100011,1000010,1001,000,1,00,000011101,
00000000000,1011100,10011000100000,00100,1011100,1111,011,
1101000110010100101001,0011100,
0011000100,1100100,0000000111001,10110010101,0001,000011101,00000011,1001,10000,000110,1001,00,00,00,1,
10011000100000,0001000101001,001000000100,1011010000100,001000001100,01100011,000011101,00000011,1100010,110,001,1000,001,00,
110110001000010,100000011000011100,100010000110001,00110000011,11000,01100011,100011,00001,00001,1001,00,00,0011000110,
11010000100,0000000111001,1000100,100000,000011000,0011000110,0000110010,1000000,00000011,,10010,1001,00,00,0,1011100,10,101,000,100010,10000011,0000000,00000,110,,001,1001,
11001001100,11100,1000000,00110000011,001,000011000,
001110010010000010001100100,0000000111001,00000,0100,00110000011,0011000100,1000010,1000010,1111100,00001,00001,1100101,00,1,
000010000011000,1000000101001,0010000011001,0011000110,0011100100,00000011,00000011,0000000,100000,0,000100000011,00,1,
00011000101101,001000001101,00110000001,0011100110,,01100011,000010,000011000,00100,0001000101001,00001,1001,000011101,00,0011100100,
0000010000011001,1111100,0010010110011,000011100,00100110,10,1000010,0001000101001,01100011,1001,00,00,1,
10011000100000,0001000101001,001000000100,111100011,00011,01111100,1001,000,0000000,0000111,1001,100,001,00,
00010001010011000010010000100,0001,1001,001000000100,10111001100101,101,00000011,1100010,100011,1000,0001,001,00,1000,
1011010000100,1000000000101,000011000,0011100100,000011101,00110000011,00000011,
11011000101000,100011,110110,001000001100,11001,000011000,000,1000000000101,,000011,0001101,1001,00,0,,1,
1001000010000011,0000100101001,00110000001,00110000011,001000001100,101,100011,0001,11100011,100010,0001,1001,001,00,0,
00000001011100,00000011,001000000100,00110000001,10111001100100,000011000,10000011,0000010,000010,00011,0,1001,00,1,0,
11011000101,1000000000001,00110000011,00111000011,0011000100,000011000,00000011,1000010,100011,1000010,1001,001,1,1,
10011111,1000000011100100000000,00110000011,001000001100,000011000,00000011,00101001,0000010,01001,00001,,,00,00,
0100000001110010010011000100000,10001100100,000011,00110000011,101001,001000000100,,00000011,10000011,100011,1001,001000001101,00,00110000011,
11010001100100,10000001100101101,00110000011,000011000,000011000,000011000,00000011,000110000011000,01001,00001,0001,001,00,0,
1100100,00000011,001001100100,00111000011,00110000001,0000100001,000010000,100011,100000,10011,00001,1000000,0011100100,1,1,
11011000101101000000000101,1001000,00110000011,000011000,0011100100,000011001,0000010,,1001000,100010,1001,0011100100,001,00,
1000010101,1000000000101,001000001101,00110000011,0011000100,0011000100,000011000,00110000001,001111010000100101,10011000100000,1001,000,000,10000000,
11010001100100,100000010011000100000,001000001100,101100,11001,110,1,0000000,100000,0001,00001,001,00,1,1,
0001,0001000101001,00001,001000001100,00111000011,00110000001,0011100100,00000011,
10010000100000011000,0000001111001,001000011100,00110000001,
10010000100001110010011010000100,00000000,100100000,10111000111,100011,1011100,0000000,001,01001,0001,001,001,00,
1000000100,00001,001001001000010,00111000011,001000001100,0011100100,00001100000000011,011,100011,01001,1001,001,00,1,
1001100010000010000011,10000,001000001100,,01100000011,000011000,,00000011,,000010,00001,1001,1001,00,1,
10010001101000,001000000100,001000001100,1011100,1011100000011000,000011101,000000111111,100011,0001,1001,1000,00,,1,
1000100000011,11010000100,001000001100,00110000001,0000000101,000011000,00,0000010,000010,00001,1001,000,001,1,
1001000110100,0000000111001,
110000011,1000000000101,000000000,
010000011010000100,110011001001,001000001100,1011100,0011100100,000011000,00000011,11010000100,1000,00110,01000,100,00,
110000011100,10000001000000000101,0011100,00110000011,0011000110,000011000,000010000,01100011,1000010,100010,00001,1001,00,1,
100100001001011,10010000100100101000000,00110000001,011,0011000110,0000010,1000010,100011,1000000000101,100010,0001,001,1,
11010001100100,1000000101,001000001100,001000001100,10111001100100,000011100,100000,0000000,00110000011,00011,00001,001,,00,0,
11010011000100000,1000000100001,00110000011,00110000011,00110000011,0011100100,000010000,01100011,100,00011,00011,0001,0001,00,0,
10010000100101,000011100,001000001101,00110000001,100000,0011000100,000000000,100,100000,1001,11010000100,1001,001,00,1,00110000011,
001110010011010000100,1000000100001,100100000,001000001100,01001,000011000,0000010,0000000,00110000011,0001,0001,1001,00,000010000,0,
110000011,10000001000000000001,00110000011,100010,110011,000011000,11100011,000010,00110000011,00001,1001,00,000011000,0,
10011000100000,0001000101001,001000000100,10111000011,10111001010000100,11100011,00000011,0000000,10,00001,001,00001100111100011,1,
1101111100,1000000111100011,001000001100,00001,110110,0011100100,000011001,00110000011,100011,00001,1001,001,00,1,000011101,
110100011100,0000100110011,00110000011,0011000110,000011000,000011001,000010000,00000011,,0011100,10010,1001,00,1,0,
10011000100000,000010,0011100,000110,00,101110001100011,1011100,0000010,0000000,011,001,00011,100100000,001,1,1001,
01000100010,00100010001,001000001100,0011000110,00110000011,000011101,000010000,111,100000,000110,00011,1001,00,
11011000101000,0000001111001,00011,00110000001,00111000011,0011000110,1000000,000,100011,00000,1001,100,00,1,
000000011,1000000000101,0000000001001,00110000001,0000100,,0011000100,0000100000011,100011,10000,1001,,1001,00,1,
10011000100000,0001000101001,001000000100,001000001100,0001,00110000011,0001,0011,1111100,111,00001,00001,0001,000,00,11100,
0000001111001101,0011000100,1111100,00110000011,0011100110,000,00110000001,1101101001,1000010,100010,001,11000100100000,00,
11011000101101,001000001101,01100011,100110010000011,000011000,000011000,00000011,1000000,00001,00001,1001,001,1,00101001,
1000101,10000000011000001,00110000001,00110000011,0001,000011001,0000000,100011,100010,000110,001,001,0001,0,
1101100010,1000000100000000000111001,00100000010000,00110000011,0011000100,11100011,001000001100,000011,100010,00001,100000,001,00,0,
001100001000101001,
1001000010010011000100000,1100100,0010011010000100101,001000001100,001000001100,000011000,10000011,01100011,100000,100010,100100000011,00000011,00,1,
100110010110001001,00111000011,0000100,10010000100,1011100,001,00000011,1000100,1111,10000000,0001,00,001,1,
00010001100100,0000001111001,101001,001000001100,0011000110,000011000,,,00000011,1000100,1000100,,000,000011000,00,11100100,1100100,
11011000101100,000011000,001000001100,110001100100,000011,000011001,,00000011,1000010,100010,00001,1001,00,1,0,
1101000000100010,1000000000000000000,11111001001100,0000010,000011100,00000011,0000000,1000010,100010,00011,001,1001,1,00100100,100000001001000010,110011,001000001101,001000001101,,0000000111001,1,100000,100,000110,
000110011,0000001111001,001000000100,00110000001,00110000011,0011000100,00000011,11100011,000110,100000,100010,00110000001,000,000,00,
01000001100010010000100,0000000110011,00110000001,10111001001000010,0011000110,00000011,1000010,000011,10011,00001,,00,00,1,1100100,
10010000101100,0000001111001,001000011100,00110000001,00110000001,000110,10000011,10000011,101001,00110000001,1001,100,00,00,
110101,0000001111001,1,00100,0011100110,0011000100,11100011,1000000,1000010,100010,00001,001,00,1,0,
10011000100000,0001000101001,10010,1011100,00110000011,001000001100,000011000,0100000,0000000,0000100,11000,1001,001,001,00000,000011000,
1001000010000010011000100000,001110010000111000011000100,
11010000100100,100000010001111,00110000011,0011000110,0000010,0011000100,0000010,01100011,110110,0011,0001,1001,00,00,0000100,
00000001110010000001111001,1000000000101,001000001100,00110000011,000011000,100100000,0000010,000,00110000001,0001000101001,00011,11100011,1001,10011111,
11000100000,000,0000000,001000001100,001000001100,
11010001100100,00,001000001100,,1001001,0011100100,00000011,00000011,00000011,10011,,00001,0000000111001,00,1,1,
110001000000000101111,1100010,001000001100,,0,000011000,11001,00000011,0000000,100011,01100011,00,1001,00,1,
11010001100100,1000000110000011100,1100000100110011100100,00000,00000011,1111100,100,00001,000,100,00,0,0,11000100000,,000011001,001,1,110,00001,10010000100,,0,,00111000011,001000001101,
00010001100100,10001000000100101,001000001100,00110000011,000011000,10000011,0011000110,00110000011,100011,0001,0011000100,00,00,1,
00010001100100,100010010,10000011,001001000100,1011100,10011,00000011,0000000,100000,001000001101,1000,00,00,00001,1,
110110,10011000100000,1100,
11011000101101,001000001101,00100000110,110110,,1000010,000010000,000110,1000100,000110,00011,00011,000,00,1100,000010,
110110001011000,111001,001000001100,000010000,0011000100,11100011,0000010,1100,100010,1001,1001,00,1011100,0,
01000001001100,0000000111001,1100010,00110000011,0011000100,000011001,0011100100,11100011,1,1000010,0001,00001,1001,0,1,
10000101100101,10001100100,001000001101,001,0011100110,000011000,000011000,01001,100011,11110001100110001001,0001,00,00,
110011,1100101,001000000100,00001,1011100,000000000,000011101,00000011,100,100,10011,1001,1001,00,1,
10011000100000,0001000101001,1011100,001000001100,1011100,1011100111,0011000110,00000011,00000011,11001,100011,000011001,0001000101001,001000000100,00,0,
10001111100,111100011,0000101111101111,10111001000000000101,0000010,11010000100101,00000011,00101001,1001100,00001,1001,1,00,1011100,1000001001,110110001000001101,1,10011,1111100,110,
110000011100,000010110011,001000001100,00110000011,00110000011,0,0001000101001,01100011,100010,0001,0001,00011,001,1,0,
10011000100000,00010001010011001000011000,001000001100,00110000011,00,000011000,00000011,0000000,100011,001000000100,11000100000,,00,00,1,
110001011000000001,110110,0010000,00110000011,000011000,000011001,0100000,11001,0100,00001,1001,00,00001,1,
10010000101011100,1111100110011,001000001100,00110000011,0011000110,000011000,1001000000,01100011,100000,00110,,1001,001,1,
10000101100101,1000000000101,001000001101,00110000001,001110010010,000011000,000011000,01100011,100011,0100,01000,1100101,00,1,
10011000100000,0001000101001101000100,001000001100,0011100110000011000,000011100,100011,100011,100000,10001010011,1001,00,0011000110,
110010000011,1000000000101,110011,00100,000011101,0011000100,00000011,00000011,0000000,0011000100,0011100100,001,000,1100,1,
001000001101,0011000110,00100000010000000011,00110000011,11000,1001,000011000,0000000,01100011,000011101,10011,101,100,000,1,
0000000001001,1000000000011101,00110000011,00111000011,0011000110,000010000000011000,00000011,101000100,1100010,100,1001,00,1,0,
10010000100101,1000000000101,10011000100000,00110000001,1100101,000011001,00000011,,1000010,100011,00,000010000,,10011000100000,00,,
10010001100,001000001101,0000000001,000011101,00110000011,0011000100,11001,00000011,110110,00001,001,1001,00,00,0,
001000001101,1100010,001000000100,00,00110000011,0011000110,000011000111,00000011,0000000,0000000,00001,0001,0001,,1,
100000111101100,100001,001001000100,11000,00101001,11100011,
11010001111100,00000101,001000001100,0011000110,00110000011,10000011,00001,0000000,11001,00110,0001,001,0011000100,0011100100,
110100011000100000,0000000,
111110010010000100,1000000101001,001000001100,100100,00110000011,000010000,111,000110,111100011,0,0001,1001,00,1,
1101,1000000000001,001000011,00110000011,0011000100,11000,01100011,110110,100010,00001,001,000,00,
11100,0001000101001,001000000100,111100011,00110000011,001000001100,
100100001001001001,001000001101,00110000011,0011000100,000011001,0011000100,1000010,100011,100010,1001,001,000,00,
010000001100011,1100110011,001000001100,
11011000101100,000,001000001100,000000000001,1000010,0011000100,00000011,1000010,00001,00001,00011,110000001,1,0100000,
1100000001111001,1000000100001,001000011101,00110000011,11010000100101,0000000111001,01100011,100000,1100100,00011,1001,001,00,00110000011,
10010000101100,00001,000010,00100
0000100111100011,100000010011000,00100001111000,000011,000011100,10000,11100011,001000001101,0001,00001,100,0,00,
1001,0001000101001,001110011000,00110000011,00101001,011,11010000100,1100101,1000000,10011000100000,00001,100,00,1,0,
110000011100,1000000101001,0010000001001111,001000001100,000011001,000011100,00000011,10,11001,00011,0001,1001,00,1,
0011101,1100010,001000000100,00110000001,100011,000011001,00000011,
110100001010000011,0000101001,00110000011,000000000,1000010,000011001,1000010,00101001,00001,000110,00011,001,001,000011001,0,
11010000100101,110,1,001000001100,001000000100,00110000011,000010000,00000011,1000010,100011,01001,10011,1001,001,1,0,
10011000100000,0001000101001,00110000011,001000001100,00110000011,0011100100,0011000100,0000001110,00111000,100011,00001,0000000111001,00,1,
101,0001000101001,00110000001,0011100,10000011,0001,10001100100,1000001100000011,0000000,000011,000011001,0001,1000101001,1,
1100000010,1100100,111,00110000001,0111100100,000011000,000,000,1100,00001,000,1001,00,0,0,0100,000,11100,00,0000010,000011000,,1001,00,100010,000,0000000,
1101100010000011,101,001000001100,0001000101001,000110,1001000010,000010000,0001101,100000,000011001,,1001,00,1,0,
000011001000,1000001000000100,000011101,00110000011,00110000011,000011001,0000010,100,1000010,01100011,0,0100000,000,1,000,
11011010000100101,1000000000,001000001100,00110000011,00110000011,001,00000011,11100011,1000010,01001,1001,000,00,11,
10010000101100,1000,1000100,0010000011,0011100100,10011000100000,10000011,0000010,
1100000110101010011,00100001000001100,0000100,0011100100,000011,00000011,1000000,1000000000101,00110,0000000111001,001,1,0,
10011000100000,0001000101001,001000000100,001000001100,00110000011,00111000011,11010000100,00000011,0000010,100011,00001,1001,10001100100,001,1,
10011000100000,0001000101001,000011100,001000001100,00110000011,001000001100,00001,000011001,0000010,000011,100010,11000,11001,001,0,
00010001100100,0100,110011,00100111100011,10011,,1000,1000010,000110,0000110010,1001,100,00,1100,0,
000100100000101,00,001000001100,101001,10011,00000011,10000011,0000010,0000010,100100000,0001,,,1,1,1,
10010001100,1000,1111100,00110000001,0011000100,00110000001,000011001,0000010,1000000,111100011,11000,0011100100,1001,00,1,
10000000011,10000001001000,001000001100,
00010001100100,1000000000101,0010000011010001000101001,00111000011,1011100
10000100011000110,1000000000101,001000001101,00110000011,0011000100,00100,000011001,1000010,000110,00001,001,001,,00,0,000,
1100101,000100010100100000011,001000001101,110110,0011100110,000011000,1001000,1100010,0000010,00001,1001,001,00,00,
000000111100110010,1000000000101,1001000010,1000000,00111001,
11010000100100,0100,0010000011011110001,,10000011,,,,00000011,00000011,00001,000110,
10010000100101,1000000000101,001000001101,100011,000010000,00000011,,000011000,1111,100011,00001,1001,,001110,1,
1101111,10000001100100001110,001000000100,0000010,11000100000,0000010,10111100011,01000,1001,0001,001,1,
11000001101010,00111011100,
10010000100101,01001,001000001101,00110000001,100011,000011001,0011,1000010,,000011,1000000000101,1001,11001,00,1,
1101000111100,1000010,0011100,11010000100,0011000110,00001,000011000,000011001,00111000011,00101001,00001,1001,001,00,0,
00011000101000,1000001100000,0000000111001,00111000011,001,10011,1000010,1000000,100010,00001,1001,00,1,0,
11001100011,100000010010000100,001110011100011,000011000,1001000010,000011101,00000011,110011,10010000100,0011000100,100100100,00,00110000011,0,
10011000100000,0001000101001,001000000100,1011000011100,1011100101,11100011,00000011,0000000,000011,0001000101001,0001,001,00,00,101,
1100000010010011000100000,000001,,10001000001101,0011000100,0011000100,00000011,0000000,00110000001,000110,0,001,00,1,0,
1101000010011000101001000,11000100000,101,00110000011,1100100,00000011,100011,0000010,11100011,00001,1001,001,00,0001,
1001011100,101001,0000000111001,00110000001,10010,000011001,000011001,01100011,01100011,00001,000110,0001,000111,1,
000110001011000,1000100,1,1000000000101,0011100100,100,00000011,0000010,0010000011011,0001,,1001,00,1,,
00101001110110,1100010
1101001000,1000000000101,001000001101,11000,1001000010,111,000011001,00000,00000,0001000101001,10000000,00001,11001,00,11010000100101,1,
110000011100,10000001000100,001000001100,100000001111001,0011100100,000011001,00000011,01100011,1000010,00111000011,00001,1000,000,1,100110000001111001,1000010,000010,110110,0011000110,00110000001,00000011,
00001110001001,00001010001100100,000,00110000011,00110000011,10001100100,00101001,11001,100,00001,10011,1001,00000011000,00110000011,
10011000100000,0001000101001,01100011,001000000100,0001000101001,1011100,001,10000011,000011,1000010,10000,1001,000010,00110000001,00,
0000011100110000011101,10001100100,00110000001,1011100,000011001,0000000111001,1001,10010000100,10000,01000,00001,1001,00,1,00000011,
11010001100100,1000000101001,001000001100,00,00110000001,000011000,000011000,1000010,0000010,00001,00001,,000,,1,0,
11010000100101,1001000000001,00000,00110000001,011101,000010000,00001,0000000,1111,00001,1001,001,00,1,
00010000101101,001000001101,0011100100100100001011100,00100,00000011,00100,100010,100100000,0011,001,100011,001,,0,
00000001110011111000110001000101001,000000011000100000,101001,1100000110,000011000,1011100,11100011,000010,00001,
10010000101101100,000011100,001000001100,0011000110,00110000011,0011000100,11100011,0011000100,100011,100010,1001,1001000010,00,00011,1000100,
0000110011000010,0000001111001,001000001101,00110000001,1000010,0011000110,0000010,00000011,1000000,0001000101001,0100,001,00110000,1,
0000101100101,0000000111001,001000001100,00110000011,000011000,000011001,100011,00000011,1010,0000000,1001,001,00,1,000001010010,
1,00000000,001000000100,0011,0000000
11011000101101,000001,01110000011,000010,000011000,00000011,1100101,1000000000101,100010,1001,000,00000011,1,1,
00000001011100,,001000000100,001000001100,1011100,00111000011,101110000001,00000011,0000000,00000011,10011,0001,000,1,
1101111100,10000000000001111001,0000100001,011,0011000100,11000,00000011,101,100000,1111,00011,110,001,0000000,000011000,
10011000100000,0001000101001,001000000100,,00110000001,000010,000011001,000011101,00000011,00000,100000,001000001101,1100100,000,001,1,
100100001000110000001,1000000000101,001000001100,
11000100000,1001000010,001000000100,101100100100000101,000010,0011000100,00000011,1100,101001,101001,00001,1001,000,1,
110010011100,00001010010,001000001100,11000,00110000011,000011000,00000011,10011000100000,100011,10010000100,1001,001,001,001000000100,001000001100,
1001000011,000110,001000001101,001000001100,0011000100,1011100,0011100100,0000010,1000000,00001,000110,00,1001,1,1,10000011,
11010000100101,000011100,110011,00000,00110000011,00110000011,0011000110,0011000110,1000010,00110000011,110110,1001,0000100,00,1,
11000001000001000101001,1000001,00110000011,00111001001100100,1100100,1,0000000,000011,00001,0001,0000000111001,000,001000001101,
010001001100,000011100,
10010000100101,1000000000101,001000001101,00110000001,0011000110,111,000011000,11100011,00001,,00001,1001,000011,110,1,
1101100,000010,001000001101,00110000001,11100,0011100100,1000000,11010000100,1001000010,10010,000110,00001,100100000,0011000100,1,000011000,
10000101100101000010000,10000011,10111000011,0011000100,0011000100,001,00000011,111100011,0001000101001,100010,001,00,001,
11010001100101,1000000100010,1,0011000100,,,001,1001,100000,10000100,10000011,1001,001,00,0,
10000101100101,1000000000101,001000001101,00110000001,0011100,0011100100,00001101,0000010,100011,111100011,1001,1000010110011,000,00,
10011000100000,0011000110,
1001,1100101,0000001111001,001000001100,00011,00110000011,000011101,000011000,1000010,100011,100010,000110,00111000011,00,0011,00110000011,
11010001100100,
11000100011100,1000000100001,00110000001,00110000011,000010,100010,00000011,10010,0011100,00001,0001,001,00,111000,001000000100,00000011,110110,1000010,0000010,000,00011,
10010001000001100,,0000100110011,000011001,100,1,000011001,00000011,000,100000,10010000100,100,001,,1,
110011,1100,100101000100,00100,0011000110,000011000,1,00000011,111,000011,0011000110,00001,1001,0001,1,
100011001001011100,1000000100001,001001001000010,000011101,,00100,00000011,11001,000011101,00011,0001,1001,00,1,101,10000011,001000001101,1100100,10,101001,00000,1,
10000011,00101001,000010000000,000000000,00110000011,00110000011,1001000010,00111000011,0000010,10001100100,001000001100,100,1001,0,1,
00000001011100,00000011,001,00110000001,00101001,000011000,00000011,00000011,0000010,000010,0000100,0001,001,,1,
10010000100000011001,1000000000101,001000001101,00110000011,1100100011,000011000,000011000,,000110,00001,000110,001,001,000010000,00,
10011000100000,
11010000100101,00101001,10011,001000001100,00110000011,00101001,000011000,00000011,000000000,100011,0000100,100,1001000,00000011,1,0,
0000010100010,1000000000101,1111,00110000011,110110,000011001,000011000,
000001001011000,1,001000001100,
11010000100
11011000101100,1000000100110000011,110110,11100,0011000110,000011001,,,,,00001,100010,00011,00,1,0011000110,
100100011010001100100,0000001111001,0010000011001,1011100100,000011000,00000011,1000010,1000100,00001,00001,,001,,00,
11010000100101,100100000,,0000001111001,,1011100,001000001100,,000011000,00000011,00000011,,1111,0000110,,001,1,
01001,00110000011,001000000100,0011100,100000,1000,00100,00000011,11010000100101,11100011,00001,00001,1001,00,00,
10000111101,0000000111001,00110000001,011110110,110110,11100011,
111000110000010010,0100000,001000001100,1100,01001,000011000,00000011,0000010,1001000010,01001,1001,1001,001,1,
10010000101100,0000001111001,0010000110000001,0011100100,0011000110,0,000000000,00000011,100011,100010,1001,100,00,1,10010,
10000101100101,1000000000101,001000001101,00110000001,110011,000011001,00110000001,,1000010,1111,00001,1,,1001,00,,
11011000101100,00001,001000001100,10000,0001000101001,
11010001100101,1000000000001,001000000100,00110000011,11000,000011000,11001,100011,01001,00001,0001,00,0,0,
00011000101011010000100,001000001101,0010000011001,00111000011,,00000011,00000011,1000000,10001100001,1001,1001,001,1,
1001,00001001,001000000100,001000001100,10010,100011,011,00000011,1000000,011,000110,0001,1001,001,1,
00011000100000,1000000000101,001000001101,001000001100,1000010,0011100100,00000011,01000,00000011,10,100,0001,1001,00,10010,10011,
01101001,0000001111001,001000001101,00110000011,0011000100,000011000,10010000100,10011000100000,1000000,1100101,0,0001,001,00,
000011101101,1100,001000001101,10000011,00111000011,0000001111001,100011,0000010,,101,00001,11100011,1001,00,0,
1100100000,10000000,001000001100,001000001101,000011000,000011000,000011000,01100011,1001000,10000,,100010,100,,0011,,1,
11010001100101,000,001000001100,00110000011,1,101,00000011,000010000,100011,0100000,1001,1001,00,1,1000000000101,
100100001000110000001,00,00100001000001100,0000000111001,10010,11010000100,11100011,100011,110110,100000,10010,1001,001,00,0,
11010000100101,111100011,0000001111001,
110000011,1000000000101,0001000101001,0010000011,001110010000000011,000011100,000010000,100000,01001,00011,00100,1001,00000011,00,0,
110000011,100000000010110011,001000001100,00101001,00110000011,0011000110,01000,11100011,110110,00001,1001,100,00,,1,0,
110100001001001100,001000000100,1000000101,10001,1011100,00000011,00000011,0000010,100000,11010000100,00001,0001,001,1,000011101,
11011000100000,100000000111001001100101,10000,00110000011,000011000,000011001,000010000,1,1001000010,10000011,0001,001,000,1100,
101111,000,001010011,001000000100,1011100,000010,1011100,100011,0000000,00110000001,1001,0011100,000,00,
0011100100
0110001,100000010010001000001101,001001000100,00110000011,00100,01001,00110000001,1011100,00001,00001,001,110,1,00100,
10011000100000,001000001101,001000000100,001,10111100011,0011100100,000011100,00000011,0000000,000011101,00001,0001,00110,1,
0100000110110,10011,001000001100,00110000011,0011000110,11010000100,1111100,1000010,,101100,0,,1001,001,0011010000100101,
110110001011010000100101,1100010,0010000000,0011000100,000011001,100011,1,0000000,0001,000010000,,1001000110,100011,1,0011000100,
10010001101,0000001111001,001000001100,00110000011,0011000110,,000011000,0000010,00000011,000,00001,0001,000011,,1,
11010001100101,11100011,11001,1000000001,00110000011,0011100100,000010000,00010001010011111,100010,1001,00100,00111000011,00,
1101100,1111100,001000011100,001000000100,00111000011,1000100110010000011,1000000,100011,00100,1001,000011,001,00,
1101100,000110,110011,001000001100,,0011000100,101001,00111000011,101001,000,00001,1001,001,00,1101,1,0100,
00001011000100000,1000000000101,001000001101,00110000011,0011000100,00100,000011100,01100011,1001000010,0000100,01000,001,000,000,0100,1,10,
1100110110,00000011,0000000001001,001000001100,1111,,000011000,1000000000101,10010,00001,0011000100,,100,00,1,
001000001100101001,,1,0010011,1000010,0011100100,000011101,,1000010,1001000,00100,1001,,001,001100,
10001101100011,
1001000010011001011001,0000000111001,001000001100,10101001,0011100100,00000011,00000011,0000000,100000,00001,001,00001,,1,0000010,
11000001101010000001010010000000001001,111100011100,0011000100,000011000,1000000000101,00011,100000,00011,00001,001,001,1,
0100000000010101,000010000001001001000010100,0011000110,000011000,000011001,0000010,
10011000100000,0001000101001,001000000100,000000000,1011100,1011100000011000,00100,00000011,0000000111001,000011101,0011000000,0011000010110,11010000100,
10011000100000,0001000101001111100011,001000000100,00110000001,001000000100,0111001000010,10000011,0000000,001000000100,0000001111001,1001,00000,00,1,
10000011,0001000101001,0000000111001,001000001100,00110000011,0011100100,000011101,00000011,01100011,110110,00111000011,1001,100,00,111100011,
1100000110101000,00111000011,001000001100,
11001001,10001100100,000001,001,00111000011,000011000,000011000,1000010,0000010,0011100100,,001,,00,1,0,
11010000100101,0000001111001,,001000011100,00110000001,00000011,000011000,110,1000010,0000010,,,00001,,1001,00,000,
00000011,1100,10010,0001000101001,00110000011,110100001001001000,1000010,001,000011,100010,1001,100,00,0,
00111001001100010,101,1001100,000010,0111100100,001,000011000,00000011,110110,100010,0001,001,00,0,
11010000100100,1000000000101,110011,100000,00110000011101,000011000,,000010,0000000,00001,0001,100010,100,000011000,1,0011100100,
10010000100101,1000000000101,001000001101,001000,1111,1,10000011,0001,100011,1100,1001,00000011,00,1,
1101000111001000,001000000100,
00011000101101,001000000100,00110000001,000011,00000011,001000001101,1100010,10010,0000000,11100,0001,00,0,00,0,
100011100010,1000000000101,1001,0011100100,000011000,000011001,01100011,0000010,0000000,1000000000101,100010,0001,001,000010000,1,1000000000101,00000011,0000000,0,,000,00111000011,,000,00001,01000,10000000,000010,0,
11110001100101001,10000001101000000111000011,
1101000111001000010,00000011,001000000100,0001000101001,00110000011,000011000,000011000,000011000,11100011,110110,0001,000011101,00,1,
11010001100101,00000,1000100,00001,
10011000100000,000100010100110011,000010,001000001100,1100,0000000111001,0011000110,,00000101,00011,001110010,001,00,1,
11010000100100,0000000,001,001000001101,000011000,000011001,1111,0000010,1000000,00001,00001,0001,00,,1,
10011000100000,0001000101001,001000000100,101101,1011100111,0000010,00000011,001000001100,0001000101001,011,001,11100011,001,110,000000000,
10010000101100,01000,001000001100,00000,,00110000011,000011101,11010000100101,0000010,1000010,01001,00001,000,000,00,
10011000100000,0001000101001100100000,00100000110111001100010,1001100,0000010,000011,00000011,1000000,000011,000110,10011,1100101,101001,1,
11010000100,1100,0000000,00110000011,00110000001,00110000001,0011000110,10000011,11100011,1000000,00001,1001,,,001,1,
100011110110,0000000111001,001000001100,001000001100,00110000011,000011000,000011000,00000011,000,01001,00001,00,001,001,1,
0100100,10011000100000,001000011100,001000001100,00111000011,00101001,100100000,00110000001,100011,001000001100,100010,,1001,000,1,0,
11100,101,
1011100101,1000000000101,001000001101,00110000011,1000000000101,000011001,00000011,0000010,00000011,,10,
1100000000000001000101001,
000110001011000001,110011,001000011101,0010011001,00000011,100011,1000000,10000,1001,0001,00,1,00,
00011000101101001101101100010,0000000111001,1011100111,000011000,0000010,001,100000,100011,001,01000,00,00,
11010001100100,10000001000011001,100011000110,0011000100,,000011000,000011000,000011,,100010,001,,00,00,1,
100,00100000010000011,001000000100,001000001100,000011000,00000011,0011000110,00000011,0000000,100000,00011,0001,0011100100,000,1,
11010001000100,001000000100,0,001000000100,0000010,000011000,100,001000001100,00000011,100011,0001,1001,00,1,,000011000,
01001100111100,11100,001000001100,101001,00110000011,000011101,0000010,1000010,1000010,11001,1001,100,00,1,
11000001101010,0000000111001,001001011100,00111000011,101001,0100000,00000011,100011,10000,1001,00000,00,1,0,
1101000110100,0000001111001,00110000011,000010,00110000011,00000,011,11100011,1000010,00001,11010000100,1001,00,1,0,
0110001111010000100,1000000000101,001000001101,00111000011,00110000011,00100,00000011,0000010,00000011,000110,110110101,000,00,1,
1101000010010001100101,0000000110001,0000000,00110000011,0011000100,000011000,1000010,1000010,000011001,1001,001,001,1,
01000001100,1001,001000000100,001001011100,1000000000101,000011000,11100011,1000010,100011,00001,0100000,,,00,1100100,1,
100010,0011100100,
10010000100,1000,000000000,0000000,00110000011,0011000110,00011,00000011,10001100100,1111,00001,00001,0001,00,00000,
1101100010,1000000100101,001000011100,00100111,000011100,000010000,111,00001,11001001,1001,00,00,010010,1100100,
11010000100101,1001000001001,0000000001001,001000000100,10000011,000011000,10000011,00000011,00000011,100011,000011100,1001,00,0,
11000001101010,0000000111001,0010010101000,0,11100011,1000000,110110,100010,00000,1001,00,00,1,
10100101000,00111001001001000,001000001100,00110000001,00,000011001,00000011,01100011,100011,000110,1001,,00,000,1,
1100010100110001100100,0000001111001,001000001100,10110,00100,111100011,0000100,1000000,001110010000000011,00001,1001,00,1,1,
110100001001000110001000101001,001000001101,000000011100110010,
10011000100000,0001000101001,001000000100,001,1011100,001,000011000,00000011,0000000,001,00001,0001,1011100,00,1,1100,
110100001001100101,100011,001000001101,00110000001,0011100100,01100011,000011000,101001,110011,00001,11010000100101,0001,100,1,00,
110010010001001100,000011100,001000001100,11001,00110000011,000011101,1000000,11100011,00000,100010,00001,1001,001,00,
10010001101001,001000000100100000000011100100,
11000100000,10011000100000,1000100100,100011,1011100000011100,1100100,00000011,00000011,10011000100000,110,10010,1000010,00,
1100101,10010000000101001,000001,00110000011,00111000011,100100000100010,011,10000010010,00001,10010,1001,00,00,
10010000100100,1000000000101,001000001101,00110000011,0011000110,000011000,00000011,00000011,0000000,100011,0011,001,001,001,00,
100001001001101001,11100011,00010001010011100100,00110000011,000011001,1001100,1000010,110110,100000,00011,00001,001000001101,00,0,00110000011,
001000001100,0001000101001,
010011001100,1,001000001101,00110000001,0011100110,000011000,11100011,1000010,100,00001,1001,1001,001,1,
10010000100,0100,000000011000101100100011,0011000110,000011001,
11011110001110011000100000,0000000000100010100100011011100,0011000110,000011000,000011100,011,101111,100010,000110,001,000,1,
11011000101101,0000000111001,00100001110011,001,01100011,111,1100010,00100,10011,00001,100,1000000,1,
11011000101000,000010001000001101,00110000011,001110011010000100101,000011000,1001,01100011,1000000,110011,00001,001,001,00,0,
00000111000011000100,101001,001000001100,001000001100,10001010,100010,00000011,111100011,000010,10000011,001000001101,001,,1,
10011000100000,0001000101001,001000000100,10000011,0000100,1011100100,1,0000000,100011,0011000100,001,001,,,00,1,
1100010001001101,00100001000001100,00,0011000110,00111000011,000011000,0000010,100011,1001,00001,,,00000000011,1,
10000100000011100,10000000001010000001111001,001000001101,000011000,000011001,00000011,000010,,001000000100,00001100,0001,001,,00,000000000,
1101100,1000000000001,0010000100100000,00111000011,00100101001,000011000,100011,110110,00001,1001,00,00,0,
11010001100101,1000000110011,0001000101001,000000000,00,01100011,0000010,1011100,,10011000100000,1001,001,00,11010011001,
000110100000100,001000001100,00110000001,0111100100,000011000,000011000,00000100011,1000010,00011,001,1001,000,00,000,
10010000100101,1000000000101,001000001101,001000011101,000011001,00000011,000,0001000101001,0011100,00001,10000011,1001,00,0000010,
10010000101100,1000000000101,001000001101,00110000011,00110000011,00011,0000010,1000010,000110,100010,00011,001,000,
10000,100011,001000001100,00110000001,000000000,000011001,00000011,00000011,1000000,0001,0100000,0001,100,00,1,000000000,
10010000100101,1000000000101,001000001101,00110000001,100011,000011001,00000011,0000010,00000011,100011,00011,001,1001,000,1,
10010000101100,000011100,000000000,00110000001101111,111,00000011,000010,00000011,1000100,0001,11010000100,000,001,1,0000001111001,
1100000000111001,1000100,110110,001,00000000010011000100000,000011000,11100011,0000101001,100000,00001,0001,000,0,00,0,
01001001000010,1000000,1001000001100,10011,01001,,100100000,1000010,0001000101001,1000010,00100001000001101,1001,000,000,0,100011,000,001000000100,00001,000110,1111,,00001,001100011,,00,10000,
0001100011,1000000000101,001000001101,10000,1000010,000011000,00000011,1,111,0001,00110000001,00011,1001,00011,1,0,
00111000011000110,1000000000101,01000,00110000011,1000000000101,0000110010011100100,0001,00000011,100011,00001,01100011,000,001,1,
00000001011100,1100010,001001000100,001000001100,00111000011,000010000,00000011,1000010,100011,001000001101,1001,0001,00,1,
10010000100101,1000000000101111,01001,00000,0011000110,0011000110,00000011,11100011,01100011,00001,00001,,000011000,000,00,0,
01001001011000,001000000100,0,00110000011,0011000100,1001,00000011,0000010,000010,0011,10011000100000,00011,00110,,
