10010001100101,1000000011101,001000001100,00110000011,0011000100,000011000,00100011,1000010,100010,00011,1001,000,00,0,
10000001100101,1000000011101,001000001100,00110000001,0011000100,000011000,10000011,1000010,100110,00011,1001,000,00,1,
01010000101000,0000001101011,011000001100,00110000011,0011100110,000011000,00000011,0000010,100010,01000,1001,001,00,1,
11011000100101,0001000001001,001000000100,00110000011,0011100100,000011000,01100011,1000010,100010,00001,1001,001,00,0,
01010100100100,0000100111001,001000101100,00110000001,0111000110,000011000,11100011,0000010,000010,01000,1001,000,00,0,
01010000100100,0000100111001,001000111100,00110000011,0111100110,000010000,01100011,0000010,000010,01000,1001,000,00,0,
01010001100100,1000001101001,001000101100,00110000011,0011000110,000011001,01000011,0000010,100011,00000,0001,001,00,0,
01010000100100,1000001101001,001000101100,00110000001,0011100100,000011000,11000011,1000010,100011,00000,1001,001,00,0,
11010000101101,0000000011001,001000011100,00111000011,0011100101,000010000,00000011,1000000,000011,00001,1001,000,00,1,
11011000100101,0001000001001,001000000100,00111000011,0011100101,000011000,01000011,1000000,000011,00001,1001,001,00,0,
00010000101000,0000000101001,001000000100,00110000011,0011101101,000011100,00000011,1000010,000011,01001,1001,101,00,1,
00010000100100,0000000101001,001000000100,00110000011,0011100111,000011100,00000011,0000010,000011,01101,1001,101,00,1,
00010000100100,0000000011101,001000011100,00110000011,0011100111,000010000,01000011,0000010,000011,00101,1001,100,01,0,
00010000100100,0000000111001,001000011100,00110000011,0111100101,000010000,01000011,1000010,000010,01101,1001,100,00,0,
00010000100100,0000000101001,001000001100,00110000001,0111100101,000011000,11000011,1000010,000010,01101,1001,101,00,0,
00010000100100,0010000101101,001000011100,00110000011,0011100111,000010000,00000011,0000010,000011,00100,1001,101,00,1,
00010000100100,0010000101001,001000100100,00110000011,0011100101,000111000,01000011,1000010,000011,01100,1001,001,00,0,
00010000100100,0010000101001,001000001100,00110000011,0011100101,000011000,01000011,1000010,000011,01100,1001,101,00,0,
00010000100100,0000000010101,001000001100,10111000011,0011100101,000011000,00000011,0000000,000011,00101,1101,100,01,1,
00010000100100,0010000110001,001000011100,00110000011,0011100111,000010000,01000011,0000010,000011,10100,1101,100,00,0,
11011000100101,0001000001001,10000,00110000011,0011100100,000011000,1000010,
00010000100100,0000000111001,001000001100,00110000011,0011100111,000010000,001110011,0000010,01000011,00100,1001,00011,00,000,0001001,
00010000100100,001000000000000110000011,00110000011,0111100101,000010000,00000011,001000001100,0000010,01001,01000,1101,000,1,0,
00010000100100,01010000,001000000100,00110000001,0011100100,1000,01000,1000010,100010,00101,1001,001,00,0,
00010000100100,0000000011101,001000011100,00110000011,10,000010000100,0100001100010000100100,00000011,010,1001,100,00,1100,0,0,
00010000100100,010,001000001100,00110000011,0011100111,0011100101,1000000011101,00000011,10,001000000100,1001,1001,00,0,
00010000101000,0000000,000,00110000011,0011100111101,011,1000010011,100110,0000010,1001,001,00,1,
00010000100100,0000000101001,0010000101001,1000010,00101,0011000100,00101,01000011,000011,01101,0000010,101,001,0,
0100000000,000011100,001000000100,00110000011,00110000001,000011100,000000001,01100011,000,0011000100,1001,100,000,1,
00010000100100,0000000011,001000000100,00010000100100,01010000100100,000011000,00000011,01000011,1001,000011,1001,101,1001,00,1001,
1000000101001,0000001100011001000001100,001000101100,001000101100,001001000,00000011,1000001101001,00000011,01000,01100011,000,0,
00010000100100,0010000101101,0011100100,00110000011,0111100101,1000110,01000011,1000010,000011,00101,1001,100,001110011,0,
1000000110001110000000011,0000000,0001000001001,001000000100,000010000,000,0000010,000010,101000,00101,100,00,1011,
01010000100100,0001000001001,001000111100,00110000011,11100011,00111011,100011,00000,1001,001,00,10011000000,
00010000100100,0000000101001,001000001100,00110000001,100,01000011,01000011,1000010,000011,01101,0000010,01010000100100,00,
00010000100100,0010000101101,001000011100,00110000011,0111100101,000010000,1000000011101,0000010,0000100111001,01101,1001,101,00,0,
0101010010011010000,001000001100,0011100100,101101,000010000,000011000,100010,01000,100011011,100010,101,0,00,0,
01001000001100,1000000011101,1000110,00110000001,00110000001,01110011000011100,1000010,000011,1110001000011,000011000,0000010,1,1,
100100101,1000000011101,10000011,1000000011101,001000101100,0,01000011,0000010,000011000,001000101100,1001,010,0,0,
00010000100100,0010000101001,00010000100100,00110000011,000011000,000011000,01000011,0000010,01100,01101,1001,101,00,0,0001000001001,
010010000101001100101,00011000110,0000000,1000011,100011,0000100111001,1000000,100110,01100011,01100011,000,1,1,
110100000000000101001101,10000001,00110000001,0011100101,000011000,00000011,1000010,1000000,000,00010000,101,001,1001,0,
00010000100100,0000000111001,001000011100,00110000011,00110000001,000011000,001,1000010,0000000101001,000011,1001,1000,00,0,
00010000100100,0000000101001,001000000100,00110000011,0011100101,000011000,00011,0010001101,000010,0101,1001,,00,0,1,000010000,0,1001,1000010,1001,,,1,0,101,100011,001000000100,
000010,101000,000000001,000011,0111100101,000011000,00110000011,01100,100010,01100,0000000101001,00000,00,0,01000011,
000100000100110001100100,001000001100,001000011100,00110000011,001,00000011,00110000011,000010000,000011,0000010,001,001,00,
00010000100100,0010000,001000000100,00110000011,01100,000011000,1001,1000010,,,01101,,1001,1000110,01,00,
00010000100100,0010000101001,001000000100000011,00110000011,0011100101,00110000011,000011000,00001,00,01101,
01101000,0000001101100,100010,001100001110010010,000011000,1011,1001,1001101000,1001,000,00,
00010000100100,00000000111101,001000011100,00110000011,000000011,000010000,1000000,0000010,000011,01101,1001,101,00101,00,
000100001,1000000011101,001000011100,00110000011,100110,000010000,00000011,100101,000,00100,1001,000011001,00,
110001101101110001,000000001,001000101100,0111100101,0,000011000,1000000011101,100010,00000011,1001,001,00,0,00,0,001,
100100010001000001001,00011100100,001000101100,0000000011001,00110000011,1000000011101,1000010,00000011,0000010,001,
00010000100100,0010000101001,001000101100,01101,001000011100,0111100110,0001,0000100111001,00,0010000101001,000010,1001,00,0101,
01101,00100000010000,001000011100,00110000011,0011100111,0011100100,00000011,0000010,0000010,000010,1001,000,000,1,0,
00010000100100,0010000101001,001000000100,00110000011,00110000011,000011000,0011100100,1000010,100010,000011,,00011,,00,,01100,,000,1,001000101100,1001,1101,00100,01101,10011001,1000000011101,,
00010000100100,0010000101001,0000100111001,0001000001001,00111001001000,0000010,01010000,1000,0000010,10,1001,000,0000100011,0,0,01000,0,0000000101001,0000000,10000,1001,00100101101,0000000110011100101,1000000011101,00110000001,00110000001,
00010000100100,0000000101001,101101,00110000001,1000110,000011000,11000011,11011000100101,000010,,100010,1001,101,01,0,11000011,
00010000100100,0010000101101,001000011100,00110000011,0111100101,000010000,00000011,0000010,1000010,000010,1001,101101,,0,0,
100101,110001,1000000011101,001000001100,10000,1000000011101000011100,001000101100,1000010,0000010,000010,1001,01000,00,00,0,
00010000100100011101110000100111001,010,00110000011,,101101,1011,1000010,,000011,00101,1001,1001,00,000,
01010000,1000001101001,001000101100,1000011,0011100100,000011000,000011100,00000011,000010,1001,1001,001,00,0,001100000111010,
01010000100100,1000000011101,1000000011101,00110000001,001000001100,000011000,11000011,000011000,00100101101,100011,00110000011,1001,000,000011000,
000100001001001000101101,001000000100,01001,01101,000011000,1001,01000011,01000011,00000011,1001,1101,00,10101,
11011000100101,0001000010010011011000100101,001000011100,00110000011,1000110,000010000,0111100101,11100100,000011,0101,100010,1000110,1001,
101,1000001101001,001000001100,001000001100,100110,000011000,10000,00011,100010,01000,1001,1001,01000,1001,
00010000100100,1101,001000001100,00110000001,0011100100,001,11000011,0111100101,001000,00001,1001,101,00,0,00,
01010000100100101101,0010000100,0001000001001,0011000000100100,11010000,00000011,1000010,1001,000010,0111100101,1001,000,1,
00010000100100,0000000101001,001000000100,0000000,0011100100,000011000,00010000100100,1000010,1001,000011,1001,,,01,000,0,
00010000100100,0000000111001,001000011100,00110000011,0011100111,000010000,0100001101,1000010000011,10,1001,100,01,0,
00010000100100,0010000101101,001000011100,00110000011,00110000011,00110000011,00000011,0000010,01,00000,1001,00010000100100,01000,1
001100000010011100001110000001100101100110,001000101100,100101,000011000,01000011,00000011,0,1000000011101,01001,1101,00,01010000,
00010000100100,0000000111001,100100,00110000011,0011000100,0011100101,00000011,1000010,000010,00000,1001,100,1001,1,00,00011,0011100101,001,00,
10000001110100001000110,0011000001101000010000100100,00110000011,00110001000110001,00000011,100010,000011,00011,001,01000,00,001000011,000000011,
1000000110001,1000000011101,001000011100,1000010,0011100111,000010000,00011,0000010,000010000,,0011100111,101,101,
01010000010100100100,001000011100,0011100101,00110000001,1000011,000010000,1000010,000010,100010,00000011,000,00,1,
11011000100101,00110001000001001,110001,00110000011,000011000,01110001,1000010,1000010,01,1000,101,001,0,0,
01010000101000,
00010000100100,0000100111001,001000001100,00110000001,01100100,000010000,011,1000010,000011,01101,000011,1011,01,01100011,
100110010100100100,001000011100,00110000011,0011000100,000010000,10001,1000010,000011,0101,1001,101,0,0,
00010000100100,0010000101001,00110000011,0001,00110000011,000011100,01100011,1000110,100011,0000010,0000010,1001,00,00100,
00010000100100,00110000001,001000101100,1000010,0011100111,0011100101,01100011,00000101000110,0010000101001,0000010,0,000,000,0,101000,0,000011000,000011000,0,01000,100,101000,
00010000100100,0010000110001,00110000001,00110000011,0011100111110001,1000000,0000010,000010,100,01100,001,1001,0,00,
00010000100100,0010000101001,00110000011000011100,00110000011,0011100101,0001,01000011,00110000011,0000010,01000011,1001,0111100101,101,0,
00010000100100,0010000101001,011000011,000110011100100,11011000100101,100110,01000011,01100,000011,0000010,101,00,00,0,00,0011,001,00110000011,1000000011101,00101,00101,001000011100,
00010000100100,00100000001,001000011100,00110000011,0011100111,00000011,001110011,0000010,000011,11010000,101,101,00,1,
00010000100100,0010000101101,001000011100,00110000011,1011,000010000,00000011,0000010,00110000001,00000,1001,100,0000010000011,1000001101001,0,
00010000100100,0000000101001,001000001100,00110000001,11010000,100011,000011000,1000010,000011,,01101,01000011,00011,1001,0,
01010000100100,1000001101001,001000101100,00111000011,11000011,0011100101,100100,1000010,000010,010,1001,101,00,00,
100000,000000001100100010000,00110000011,00111000011,000010000,001110011,00100,000011,0000010,01100100,1,00,
000011000,1000001101001,1101,00110000011,0011,000011000,000011100,1000010,00001,0000010,1001,001,0001,0,0,
0101000000000,000011000,001000011100,00110000011,00110000001,101,00000011,0000010,01101,0011000100,1001,0011100101,00,00110000011,
00010000100100,1011011001,001000011100,00110000011,00010000,000010000,00000011,00110000011,000011,01101,1001011,00,0,00,001,
110001101000,00000011011000000,100,00010000,00110000011,01000011,1000010,01000011,110001,1001,101,0101,0,00,1001,00,11010000101101,001000001100,000,00000011,001000,01001,001000000100,,
00010000100100,0000000101001,001000001100,11010000,0011100101,000011000,11000011,000,00001,01101,1001,000010000,00,00,0,0,0,
10000000111010101010000011,001000011100,00110000011,0011000000101001101000011,10000011,100,001000,11100011,00110000001,00111000011,1,
00010000100100,0010000101001,001000100100,00110000011,0011100101,1011,1000000,1000010,11011000100101,00011,1000000011101,0000100111001,000,10000011,
01101,01010000100100,1000001101001,0000000,00110000011,000011000,00001,01000011,100011,1000011,0,001,000010,001000,
0101001110000000101001,00100001000110,0011100101,00001110000110000000,00110000001,011,00001,1001,10000011100,000,1,
00,0011001000,001000101100,1000001101001,0011000100,10001
00100000101100,001000101100,100011,00010000,000011000,001000101100,001001000110,000010,0000010,001,000,00,1001,1001101000,00101,
00010000100100,0000000011001,000000011,00110000011,,100010,000011100,01000011,,,,,,1001,,,1001,1,00,0,
10000001001110011,00100,0000100111001,000000011,0011100101,00100,01001,00110000011,0,00100,000011000,100,0000101100,0,
00010000100100,01110101,001000011100,100010,0011100111,000010000000000001,00000,,000011,000010,100,,,,1,1,
00010000100100,001000000010000100100,0000000101001,010111100101,001000011100,000011000,1000010,1000010,01101,,1001,1,00,0,
00010000100100,00001,001000000100,00110000011,01100011,000011000,101101,001000011100,000011,01101,1001,100010,00,00,
010100001000000,1000001101001,001000001100,00011,0001,000,000,001,100011,011,00011,000011,000,0,0,
00010000100100,0000000111001,001000011100,00110000011,0111100101,000010000,00000011,1000010,1000000,000010,1001,100,00,00,
01010000010100011,001110011,00110000011,0011000100,000011000,100010,100001010000010000100100,01101,00011,0000000011,00,1,
01010000100100,1000001101001,0010001111011,00110000011,001000101100,1011,1000010,000010,01100,01100,101,00,0,
1001000111100011,001000001100,00110000001,00110000011,000011000,001000101100,100011,100110,00011101101,011,00,
010100001000000010000100100,01000001000011100,00110000011,00011,000010000,10000011,1000010,1001,0001000001001,101,101,0,00,0,
01010001000000100,001000111100100,00110000011,000011000,000010000,01001,1000000,1000000,1001,0000000,,000,1,
01010000100100,0000100111001,00110000011,00110000011,0011100100,000011000,1000110,000011000,00101,100101,1001,100,00,0,100,
00010000100100,0010000101001,001000000100,00110000011,0011100101,000011000,11000011,000110000010,0000010,00011,1001,1101,100010,000,
00010000100100,0000000101001,001000000100,10000,0011100100,000011000,11000011,1000010,,1000010,0111100101,10000,1001,100,0,
10001100011,0000000011001,00101,00110000011,0011000100,00110000001,000010,100010,001000,11100,001,001,00,
00010000100100,0000000101001,001000001100,00110000011,11011000100101,1000100011000110,1000010,000011,000011,1001,101,00,001,1,0,,001000,00001,11010000000011100,,1001,1000010,,
00010000100100,0000000101001,001000001000101100,00110000011,
0011010,0000000101001,001000000100,00000,0011100101000011100,1000010,00000011,1000000,110001,0010000,1001,101,0,
00010000100100,11000011,00100011011000100101,00110000011,0011100111,00110000011,00000011,11010000,100110,10000,1001,01000,00,00,
11011000100101,00100001001,0111,0011000001110001,,11010000101101,1000010,000010,01101,00110000001,01010000100100,1001,00,
011110001,000011,001000011100,00110000011,100,000010000,001110011,0000010,011,0011,1001,101,00,000,
00010000100100,01010,001000011100,00110000011,0011100111,000010000,01000011,0000010,0000010,10,1001,100,00,1,
00010000100100,00100000011100111,001000011100,00110000011,0011100100,000010000,01000011,0000010,000011,00101,1001,100,0,1,
00010000100100,0010000101001,
00010000100100,0000000101001,001000001100,0000010,110001,000011000,01000,1000010,011,01101,,100011,000,00,0,1101,00110000001,
00010000100100,0000000101001,001000000100,0000000,0011100111,000011000,00000011,
00010000100100,010,00100000010000100100,00110000011,0011100111,000010000100,1,000011,1000000,000011,1001,00,00,00,001,00,
01100101,0000100111001,001000011100,0011100111,1000011,001110011,001110011,1000010,011,0000010,011,01100000011,001,0,00,001,000011000,01000,0000000011,,,0,1000010,,1000001101001,001000001100,00,0,1,
00010000100100,0010000101001,001000100100,00110000011,0011100101,00110000011,00110000001,1000010,1000010,00011,1001,100,000,00,
00010000100100,0010000110001,001000001100,00110000011,0011100111,000011000,01000011,0000010,011,0000010,1001,1000000011101,00,1,
00010000100100,101,001000011100,00110000011,0111100101,000011100,000011000,1000010,10,000011,1001,1001,00,100011,
100100000011100,1000000011101,1000000011101,10000011,10000011,000010000,10000001,1000010,100110,11011000100101,1001,101,00,1,
000011100101,101,001000011100,00110000001,00110000001,000010000,001000101100,01100011,0000010,1000011,1001,01010000100100,000,00,0010000101001
1000,0010000101101,001000001100,00110000011,11011000100101,0001000,01000011,1000010,00,01001,000000011,100,00,
11011000100101,100101,001000001100,00110000001,000011100,000011000,01100011,1000010,00001,01010000,1001,0101,00,0,
00010000101000,00010000,0000100111001,00110000001,0011,101101,00000011000011,01000011,01100011,0000000011001,01000,10000001,1,0,
11011000100101,0001000001001,001000000100,00110000011,1000,10000001,00000011,1000010,000011,1001,1001,001,00,00,00001001,
10000001010,0000000011000110,10001,11010000,0000111001000110,000,001000111,000011,1001,110001,00,00,
00010000100100,0010000101101,001000011100,00110000011,0011100101100,100100,01000011,000011,00101,,000010,100,00,0,
00010000100100,0010000110001,001000011100,00110000011,0011100111,0000100000101,0111100101,,000011,,,1001,,1101,0,0,0,1,
00010000100100,001000000101,001000011100,00110000011,0011100111,000010000,00000011,0000010,000011,00000,1001,0011100101,000,1,
00010000100100,0000100111001,001000011100,00110000011,,000010000,1000000,0000010,000011,10,0011,00010000100100,000,0,
00010000100100,1000010,001000001100,00110000011,0011100100,00001100000001101010000,1000010,00010000,0000000,1001,000011,00,0,0,10001,
01010001100100,01010000100100,001000101100,00110000011,000011000,11000011,1000010,1001,0000010,100011,1001,00,0101101,
010100100,0000000101001,001000011100,00110000011,0011100111,000010000,0000001101,
01010000100100,100100,1000001101001,0000000101001,00110000011,00001110000010000100100,100011,1000010,0000010,000011,100010,1001,000000011,0,
100100101101,1000010,001110011,01100011,0011100101,000010000,000011000,000011000,1001,1001,1001,01000,00,
00010000100100,0010000101101,0010000111000,0011100100,0111011101,1000010,100010,00110000001,00,101,00,00,
01010000100100,100011,0011100100,1000011,00110000011,1000011,1000110,01100011,1000010,000011,100011,101,00,000,
00010000100100,0000000101001,001000000100,00110000001,0011100100,000011000,11000011,0,000010,0000010,0011,00000,01100011,0,
0001,01100011,001000101100,001000101100,0111100101,001,01100011,0000010,100010,00110000001,1001,00100,100,1001,001,
100100100,1000000011101,00110000001,00110000001,00110000001,000010000,00000011,1000010,1000010,000010,1001,000,101,00010000,0,
00010000100100,0000000101001,001000000100,00110000001,001000000100,000011100,11000011,0010001010000100100,000011000,000011,1001,1001,1000000,0,
00010000100100,001000011100,0,00110000011,0011100100,000011000,11000011,1000010,00101,,01101,1001,,,00,0,
01010000100101,000011000,001000011100,1101,00010000,001000,10000011,1000010,11000011,01100,1001,000,00,00,1000110,
1101100010010110000,000000001,,,,01101,000011000,001,000010000,1,01100011,1001,10000,00,0,
00010000100100,0010000101101,001000000100,011,0011100111,000010000,00000011101,000011,01100011101000,1001,001,000011100,1,1001,
00010000100100,00000001101,00101,00110000011,111001000001101001,00000011,00000011,1000010,01000,1001,101,100110,0,00000011,
010100001000,0001000001001,100100,00011,000011100,000010000,001110011,101,100110,11000011,1001,001,00,1,
0000000110011100100,000010000,101101,00110000001,00110000001,0000100111001,1101000001000011,1000000,001000,0001000001001,01010000,1,1,
10010001100101,0010001110011100111,00110000011,000011000,1,0000010,000010,00001,1001,1000010,0001,0,0,
1000011,0010000101101,001000011100,00110000011,0011100100,000010000,001110011,0000010,000010,1101,1001,100110,000,00110000011,
00010000100100,0010000101101,001000011100,00110000011,0011100111,000011000,01000011,1000010,000011,00101,1001,1001,0000100111001,0,0,
00010000100100,00110000001,001000001100,00,000010000,000011000,000011100,10000,100010,,00101,1011,101101,00000011,,001,
01010000100100,0000000101001,10,001000011000100,101,001110011,001000111011,000010,0000000,00,1001,000,1,0,
00010000100100,0111100101,1000001101001100100,00110000011,00110000001,000010000,00110000001,01000011,001000,00011,01000,000000001,00,00,
01100011,0000100111001,0000000,001000011100,0011100100,000011000,11000011,01000011,100011,001000,0,001,,000,000,01000010,
001110010000110000011,01001,0000000101001,011,0011100111,100,1000010,0000010,000011000,000010,1001,,,000,10000011,
00010000100100,0000000111001,0000100111001,0011100111,0011100111,000010000,01000011,00110000001,0010000101001,000010,1001,01000,1000,00,
010101000110,001000000100,0001,001000000100,0011000100,101101,100110,101,000011,00001,1001,0001,001110011,00,
11011000100101,0001000001001,00000011,00110000001,0011100100,1110001111000011,01000011,000011000,00001110001,10001101,11011000100101,100111011000100101,0,0,0101,00110001000001001,00110000011,,000011000,1000,0000010,100110,
01010000100100,0000100111001,001000101100,0011100101,0,0000110001000110,000010,1000010,000011,1000010,001,01000,000011100,00,0,
00010000100100,0010000101001,001000000100,01010000,00110000011,100011,1000,1000010,1000010,000011,,0011,1001,000010,,0,
00010000100100,00100001000110101,0011100111,0,100011,000011100,
1001000011100101,000000001,0000000101001,00010000,0011000100,000011000,000010000,0000010,01000,101,1001,1001,000,1000001100,
01010000100100,1000001101001,001,00110000001,0011100101,11000011,01000,1000010,000010,0000010,1001,01000,0001,00,
0001000001100,1100001100001,00110000001,0111100101,000011000,000011000,0000000101001,100010,01101,1001,001,000,00,0,
00010000100100,0010000110001,001000011100,00110000011,0011100111
010101000,0000001101001,00110000011,00111000011,000011000,000011000,01000011,100,01100011,0000010,1001,1011,0,
11000011,1011011001,001000011100,00110000011,0011100111,000010000,101101,00001,00101,00101,1001,1000011,00,0,
011110001100100,001000001100,11010000,1000011,000011000,000011000,1000010,000010,01101,1001,100010,00,1,
00010000100100,0010000101101,01101,1000010,0011100111,000010000011,1000010,1001,01100,1001,101,101,00,1,0,
01010000100101,00111000011,00101,0110000100101,000010000,0001000001000,100011,001000,01001,1001,001,1001,0,
010100000101,1000,01101,1000010,00000,000011000,000011000010,11100011,11010000,1001,00000011,00,111000111,
11011000100101,0000000111001,001000001100,00110000011,0011000100,000010000,01000011,00101,0000010,1101,1001,10000001,00,100,
01010001100100,1000001101001,0101,00110000011,00001,11000011,
000010,00100000101,001000011100,00110000011,0011100111,000010000,00000011,100100,000011,01001,1001,100,00,1,
00010000100100,0010000101001,001110011,00110000001,00110000011,000011000,0001000001001,1000010,1000010,01000011,,00001,,00,1001,
00010000100100,100011100,001000011100,00110000011,,00010000100100,11000011,1000010,1000000,000011,1001,101,,00,1,
01010000100100,0000000101001,001110011,00110000001,0011100100,001000000100,0111100101,0111100101,100010,1000000011101,0000000011,001,1000110,0,0,
1000010,0010000110001,0011100101,00110000011,0011100101,000010000,00000011,01100,0000010,0000010,00,01000,00,0,
00010000100100,01000,001000001100,00000011,00110000011,100,00000011101101,0000010,000011,0110001010000100100,101,,00110000001,0,0,1001,0000000,001000001100,101000,11100,00000001010010000010,001,,0111100101,00,,0011000100,0000010,
1000011,0000000101001,001000000100,00110000001,00110000011,000011000,001000001100,00101,000010,00001,1001,001,100,00,
100000001110110000000111010101111001011000001101001,00110000011,0000100111001,00001001100101,00000011,1000010,000011,001000101100,1000010,001,00,00,0,1,
00010000100100,101101011011000100100,0110000000011,000010000,00000011,00110000001,0000010,0011100101,1001,00110000001,101,01010000
010000100111001,111001000001101001,001000001100,00110000011,000011000,000011000,1000010,100011,100101,00001,0011000100,01000,00,0,
00010000100100,0010000101001,00,00110000011,00110000011,000011000,11010000100110,0111100101,01100,00110000001,01001,,00,0,
00010000100100,000000011101,0000100111001,00110000011,0011100111,1011,01000011,1000010,0000010,00100,1001,100,00,00,
00010000100100,0000100111001,001110011,,1000110,0111100101,101,01000011,0000010,000011,100010,01000,1,00,100,100,
00010000100100,0000000111001,001000011100,00110000011,100,00110000011100100,1000,00001,000010,100100,1000010,000,1001,0001,
010100010101,1000001101001,00110000011,0011100100,0000010,00001,01101,00001,00001,100011,001,01000,0,1,00,0000010,0,00100,100110,01000011,10000,101000,100010,01,0001,1,001000101100,1000010,000,0000100111001,00,11010000,0000000011,00110000011,00100,00110000001,0000010,
0001000000100010100,001000011100,00110000011,0011100111,000011000,000000001,1011,1000010,00101,00011,010,00,100000011000,
00010000100100,01000011100110,001000011100,00110000011,0011100111,000010000,00000011,0000010,000011,00111000011,1001,101,0011,0,
0010110000100101,
00010000100100,0010000000011,001000011100,00110000011,1101,0001111000011,01000011,1000010,01101,01101,001,000010000,00,
11011000100101,0001000001001,00111000011,00110000011,0111100101,000011000,01000011,1000010,100011,11000011,1001,1101,101,1,001000,
00010000100100,00001001110011001,101101,00110000011,00110000001,000010000,10000011,1000010,000011,100101,1001,11000011,00,00111000011,0,
100,001110011,01010000100100,00001,0011100100,000011000,01000011,1000010,100010,0,1001,0,00,0,0,
00010000100100,0010000101101,001000011100101,0011100111,000011000,
0101000001010000100100100,001000001100,001000101100,001000001100,0001,000011000,1000010,100110,1000,1001,10000011,000,0011000100,001,
0101000000100001010010,001000,001000101100,00010000100100,001000011100,000010000,001000001100,00001,00001,0000010,1001,00,00,1,
00010000100100,0000000101001,0011100101,001000001100,1011,0111100,0010001101,000010,01101,1001,00000,1,
00010000100100,0010000110001,001000011100,000000011,0011100111,000010000,01000011,0000010,000011,1000010,1001,000,00,00,0,
11000011,0001000001001,001000001100,00110000001,0011000001110000100110,01000011,1000010,100011,000011,1001,0011100100,00,000010000,0,1,100010,
001100000110011100111,001000,001000011100,0011100111,1000001101001,000010000,00,01,00001,00100,1001,000,00,000,
00010000100100,00100000000000101001,1000000011101,00110000011,1001,001110011,10000,110001,000011,000010,1001,000010000,00,000,
000100001000001101001,000011000,001000011100000010000,000010000,0011000100,11000011,1000010,,00,01000,01101,101,,0,001,
100100101000,00,000011100,110101000011,1000110,000011000,00100101000,11010000,000010,1001,1001,000,1,
00010000100100,0000000011001,001000011100,00110000011,0011,0000100000001000001001,00000011,011,,10000001,1001,101,100,0,
00010000100100,0000000011101,001000011100,00011,0011100111,000010000,01000011,0000000,000011,0010000101001,1001,101,01,0,
00010000100100,0010000101001011,001000011100,00110000011,0011100101101000,1000110,1000010,1000010,000011,01000011,1000010,100,00,00,
00111001000010000101001100100100,001000001100,1011,1,100110101000,1000,000011000,00011,100110,01000011,001,1,00,0010000101001,
001110011,100000000010000100100,0000000,0000000,10101,1000110,11000011,1000010,00000011,01000011,001,00,001000111
00010000100100,00110000001,00100000,00110000011,0011100111,00010000,000011011,1000010,01101,01100,101,00,01000011,00,100101,
01010000101000,10000011,001000000100,00110000001,001110011,001000011100,000011000,1000010,000010,0001,1001,1001,,00,1,0,0,00,
00010000100100,1000011,001000001100,00110000011,0011100100,000011000,11011000100101,0000010,,000011,00110000001,1001,,000011,00,
00010000100100,0000000101001,001000000100,00111001110,0011100111,,000011000,1000010,,,100100,,1001,,00,1001,0,
00010000101000,00000011111000010000011,00010000100100,000011000,100100,0010001010000100100,000010,0000010,0010000,0000000101001,000,1001,1001,
11011000100101,100000010001000001001,001000101100,00110000011,100,000010000,01100011,011,000,0000010,01100,1001,1001,01001,
00010000100100,000000011100100,00110000011,0011100101,0011000100000010000,01000011,1000,00110000001,000010,01000,0011100100,1001,001010000100100,00,
10000001101000,000000110001011,,0011100100,000011000,000011100,000011000,1110001000011,,1001,0001,00,00,
010111100101,001000,001000011100,00110000011,0011,000010000,0011000100,01100,000011,00100,1001,00000011,00,000011000,
10000001100100,1000000011101,01010000100100,0101100,000011000,001000,01000011,101000,00000,0010000,000001001,1001,0,
00010000100100,01111001,0000010,00110000011,0011100111,000010000,00000011,0000010,100110,00100,1001,110001,000,100,
00010000100100,1000001101001,001000000100,00110000011100101,0011000100,0000000101001,01000011,00000,000010,01001,1001,000,0111100101,00,
00010000101000,1000000011101,001000011100,00110000001,0011101101,1000,01000011,001,000011,1001,1001,00,00,00,
00010000100100,0010000001000,001000011100,00110000011,0011100111,000010000,01000011,0000010,000011,01101,101000,101,00,1,
01010000100100,0001000001001,1000001101001,001000101100,00110000011,0001,001000100101,10001,000010,,00000,00100,00,00,001,1000011,,
00010000100100,101,001000001010000,0000010,0011100111,000010000,01000011,1000010,000011,01101,1001,00100,01100,00,
00010000100100,00010000100100,0111,00110000011,000011,000011000,01000011,1001,000011,0000111001,01000,1001,0,,
00010000100100,0010000101001,0010001111000110,0011100100,000011000,11000011,1000010,11100,001,1001,1001,00,00,000011000,
00010000100100,001000001010000100100,001000011100,00110000011,0011100111,000010000,01000011,0000010,,000011,,1001,100,00,110,00,1,
000100000011000100001001001000011010000101000,00110000011,0011000100,000010000,001000,1000010,101101,0011000100,1001,001,00,00,0,
11011000100101,0000000011101101,001000101100,00110000011,000010000,000010000,01101,100011,100110,100010,101101,000,00,1,
01010000100100,1000110,
01010000100100,1000001101001,0010001010000,00001,0101,000011000,00000011,1000010,000010011,10001,1,000,001,1,
10010001000001110010000,001000011100,001000101100,0111100101,000010000,001110011,000011,000011000,00000,1001,0,1000010,0,0,
010100000100011101000,100000001110101000,00110000011,0011000100,11000011,1000010,1000010,01000,1001,100,00,0,0,
00010000100100,0010000001000011100,001000011100,00110000011,01001,000010000,00,01100011,000011,01101,1001,,0011000100,0,
01010000100100,01001000,001000011100,00110000011,0111100101,000010000,000010,0000010,100110,
00010000100100,0010000101001,001000001100,00110000011,00110000011,00101,100010,0000010,000011,000011,1001,101,00,0,0,
0100010000110001,1000001101001,001000101100,01010000100100,001000010100110000001,1000000100,0001,00001,00011,100010,00001,1001,
11000011,0000100111001,001000001100,00110000001,00110000011,000011000,0011000100,00001100000111000011,1000110,100010,1001,101,001110011,0,0,0,
0001100100000000100111001,01010000,001110011,0000000,001,11000011,00000011,000010000,000,1001,00000,00,0,00,0,001,
1101,0010001001,001000011100,00110000011,0011100101,000010000,01000011,00110000011,000011,00011,1001,0011100101,00,00,
01001101000,01101,001000000100,,0011100111,
00010000100100,00000000110,001000011100,00110000011,0011100111,00110000011,001110011,0111100101,000011,01101,1001,10000011,00,1,0,
0001000010000,0000001111011000100101101101,00110000011,0011100101,
0101010001001,001000011100,00110000011,00110000001,0110000111001000110,01100011,1000010,00101,00011,000011,00,0,
01010000100100,1101000000,001000011100,00110000011,00111000011,000010000,01001,0000010,00,00101,1001,000,00,000001,0,1,000011100,01010000100100,
00010000100100,01010000,001000000100,00110000001,0011100111,100110,1000010,00000011,00101,01101,1001,11011000100101,00,101100,0,
1000010011,1001,101101,010100,001,100010,00000011,1001000000011101,00001,0010000101001,0101,00,1,10000000111010,0000010000111000,001000000100,000010000,,
00000001101100011101,00011100100,00110000001,100101,00000,01000,1000010,01000,100010,01000,1001,00000011,1,
001000001100,0000000010000000101001,00100001010011000110,0011100100,10,11000011,00100,11000011,01000,01001,00110000011,00,0,
00010000100100,0010001001,000011,1000010,0011100111,000010000,,1000,000011100,01101,1001,100,,1,1000001101001
01010000100100,1000001101001,001000000100,00110000001,0011100111,000011000,11000011,1000010,00010000100100,00000,1001,1001,00,1000000,0,
110100000010000101001,0000000011001,001000001100,0011100100,0011000100,000011000,1000010,,1001,,1001,101,00,1001,001,
00010000100100,00000000111000110,11011000100101,00110000011,0011100111,000010000,01000011,0000010,0000101000110,01101,01100,101,1,10000011,1,0,
00010000100100,11011000100101,000011,101101,0011100111,000011100,0000000011,00000,000011,000011,1001,101,00,00,
00010000100100,001000011100,001000100100,00110000011,0011100111,000010000,01000011,0000010,000011,00100101101,01101,0001,1001,
10000000111010010000001000001001,000000001,001000001100,0011100100,0011000100100,01000011,01100011,0000100111001,01000,00111000011,000,000,000,
01010001100100,000011100,001000001100,00110000011,000011000,11000011,001,00001,00000,1001,00010000100100,00,001,00,00,000,0,
00010000100100,0010000101101,001000011100,00110000011,0011,000010000,001000011100,0000010,000011,000010,1001,101,00,1,
11011000100101,0001000001001,0000000101001,00110000011,00111000011,0111000011000,011,0000010,00001,00001000011,001,00100,00,00,1000110,
00010000100100,0000000101001,001000001100,00110000011,0111100101,11000011,001,1000010,000010100110,01101,01000,1001,00,000,01101,
001100000011011010010000101001,001000101100,001000011100,0011100100,1101,00010000,00100011,01100011,0000100111001,000,101,000,000000010,001,
10010001000101010000100100100100100,001000101100,00110000011,000000001101000,1000010,11100011,0000010,0000101101,000,
00010000100100,00101,0011100111,00110000011,0011100100,1,001000011100,1000010,,01100011,01101,01000,,00,0,
1000000100000,001000101100,001000000100,000111101,000011000,000,11000011,000011000,00001,1001,000011100,001,00,0,
00111000011010100
001100000110000000011,0000000101001,1000000011101,01101,0011100111,00011,00000011,1000010,0000000101001,11010000,1001,00010000100100,000,000,010011001,
1000011,1000000011101,000000001,00110000011,00111000011,00111001011000110,01000011,01100011,10000011,1000011,01000,0011000000100011,0,0,
11011000100101,0000000111001,001000011100,00110000011,0011000100,000011000,01001,1000010,1000010,01101,1001,001,1001,0011000100,0,0,
010101000,1001,001000011100,00110000011,000011100,0011100101,10,1000010,000011000,00000,1001,100,,101000,1,
01010000100100,1000001101001,00111000011,00110000001,00111000011,000011000,01000011,1000010,100010,00001,01100011,01100011,000011000,00,00,0,0,
01010000100100,100101,001000000100,01010000100100,00111000011,000011000,100110,000011000,100010,100,1001,001,00,0,
00010000100100,0010000101101,001000011100,00110000011,0011100111,000010000,00000011,1000010,101000,000010,1001,100,00,00,
00010000100100,00010000010,001000011100,000010000,0011100111,000010000,00000011,0000010,000011,0111100101,1001,100,00,00,0,
01010000100100,1000001101001,000010,001000101100,0011100100,011101010010001,01100011,0000010,000010,000010,0101,100,0,
00010000100100,1000000001,10001,00110000011,0111100101,00000011,01000011,0000010,011,01101,1001,1001,00,00,
01010000100100,101000,1000000011101,00110000001,00110000001,110001,00000011,00110000011,00011,0000010,100011,0010000,01000,00,
00010000100100,001000010100100011100,00110000011,00010000,000011100,000000001,0000000011,0000110000000,0101,000010,1001,000,0,
00001010100100,1000001101001,00110000001,00110000011,1011,10000011,01100011,100110,0000000,111001011,1001,000,00100000110000,0,0,01000,
11010000101101,0000000101001,001000011100,00110000011,100010,000010000,000010000,,000011000,000011,0000010,1001,,000,00,
01010000101000,1000000011101,01010000,0010000,0011100101,000010000,10000011,0000010,01,0000010,100110,101,000,01000,0011100111,
11010000101101,0000000011001,0000100111001,10,001000101100,01100011,1000010,100110,01101,0011100111,1101,000,1,1000000011101,
01010000101000,1000000011101,001000001100,1000000011101,0011000100,100110,000011000,00001,000011,00101,1001,1000000011101,1000011,1,0,1001,
11011000100101,0000000101001,001000000100,00110000011,0011100100,000011000,0000000101001,1000010,100010,01101,1001,001,000010000,00,
010100001000001001100,001000101100,001000101100,0011100111,000010000,000011000,1000010,00,1000,1001,000,00,100101,
01010000100100,00100010,1000000,00110000011,00001,1000001101001,10000011,1000010,1000010,01101,1001,100,01,00100011100110,
100000010000010,000011000,001000011100,00110000011,0011000100,000010000,0000000011,,000010,000011,1001,1101,00,100011,1000010,
101,10000011010010000000011,0000100111001,00110000011,0011101101,000011000,01000011,00001,00000011,01101,100,001000,000,
000100000100111011000100101,000000111001,00110000011,00110011100111,000010000,1101000000000011,00,100,1,001,000,00,
00010000100100,0010000011000100,0000100111001,01010000,0111100101,0011100111101101,00000011,1001,000011,1001,101,00,00,01000011,
11011000100101,100100,1000011,0011100111,0011100111,0000000011,00110000001,1000010,0011000100,100,1000000011101,001,00,001,1,
01010000101000,0000001101100100,00110000001,000101101,1000,1000010,100011,000011,0000010,1001,00,00,001,001,110000000111011000110,00000011,100011,000011,1001,000000011,001,1000110,0011000100,1,000011000,100011,0,00110000011,0,01000,1001,1,00100,1000010,1001,
00010000100100,0000000111001,001000011100,00110000011,0011,1000010,01000011100100,100000001000011,010,1001,101,01,0,
00010000100100,0010000101001,001000001100,00110000011,00111000011,000011000,001110011,000011000,0000010,00100,1001,1000,00,0,
00010000100100,0010000101001,01100,00110000011,0011100100,101101,01100011,0000010,1000000,000,100011,100010,00,0,
00010000101000,0000000101001,001000000100,00110000011,00010000,000010000,00000011,1000010,000011,1000000011101,1001,10000011,01,000,0,00100,000000011,101,0,00000011,,001,000011,,
00010000100100,0000000101001,000000011,001000011100,00110000011,000011000,10,1000010,,0000010,0000010,1001,,00,0,1,0,0011100101,0,00010000,00000,,,0,0011000100,1000110,
00010000100100,100101,100011,001000011100,00110000011,0111000011000,00001,,,,000011100,0000000,100100,1000,00,00,
00010000100100,0010000101000,000000001,00110000011,0011100111,0001,01000011,001000,000011,00101,1001,100101,00,0011000100,
010100,0000000011001,001000001100,00110000011,001000101100,11000011,1000010,1,100,1001,1101,00,0000010,0,
0010000101101,00,001000011100,00110000001,00110000011,000010000,000011100,110001,0000010,00100,,10001,00,00,0,
00010000100100,0000000011,001000001100,00110000011,0011100101,000011000,1011,00001,000011,01101,1001,1001,00,0,10000,00,001,1000,001000001100,00,,00011,000010,1,1001,1101,,
1001101,1001,0000100111001,00110000011,1000110101101,01000011,00000011,1001,000011,1001,100110,001,1001,0,0,0,
00010000100100,001000001100,,001000011100,00110000011,0011100111,01101,00000011,0000010,000011,00100,101,100,00,0,
1000011,1000001101001,001000100100100,00111000011,000011000,0000000,01000011,00100,00001,1001,100010,1011,1,1,
00010000100100,0000000101001,0011100100,00110000011,0011100111,001000000100,
0000010001110011101,10000011,00110000001,0011100111,000011000,000011100,1000010,0111,01101,,01101,000,000,00,0000010,
00010000100100,0010000101001,001000000100,0011100101,0011100111,000011000000000001,10000001,0000100001000001001,01101,,01,01,000,0,,
00010000100100,0010000101001,001000100100,00110000011,0011001000011100,000011000,0,1000010,000011,,1001,01000,000,0,000011000,
00010000100100,0010000101101,001000011100,00110000011,0011100101,000010000,01000011,0000010,000011,01001100,1001,1000011,00,0,
11011000100101,00001111000011,001000001100,00110000011,0011100111,0000100111001,000010000,0000010,000011,0111,1001,101,000,1,
00010000100100,0010000101101,
00010000100100,001000000000011101101,00110000001,0111100101,000011000,000011100,1000010,1000,000011,01100,1001,00,0,
100100101,1000000011101,001000011100,00110000011,00010000100100,00000011,00000011,0000010,001000,101000,000011,00110000011,00,1,
01010000100100,1000001101001,01010000100100,100011,0011100111,000011000,0000010,10000001,000000011,110001,1001,0,00,1,
00010000100100,000000011011000011000011100,00110000011,1101,1010000,000011000,101000,01101,1001,1001,0,1001,0,
00010000100100,000,001000000100,00110000011,0111100101,000011000,11000011,0000010,1,000010,1001,101,00,0000100000100100,
00010000100100,0010000101001,001000001100,00110000001,0011100100,0,11000011,1000010,000010,000011,1001,101,00,00,100110,
00011101000,00010000100100,0000100111001,00110000011,1000011,000010000,00010000,0000010,1000010,1000110,,1001,00,
01010000100100,0010000100,001000001100,00110000001,00110000001,000000001,01000011,0101,000011,00100,01000,1001,00,1,
00010000100100,0010000110001,0000100111001,00110000001,0011100111,1000010,00000011,11100011,,000011,1001,100,00100,0,
100000111000110,1000000011101100,001110011,00110000011,0000000,00000011,0010001010000100100,00101,01101,01101,1001,00,000,
00010000100100,000010,001000001100,00110000001,01101,000011000,1001,100,0000000011,01101,1001,1001,,1001,0,,0,
0111100101,1011,000000011,00110000001,01100011,000011000,01000011,1000010,00000011,01101,1001,000,000,1,1,
01010000100100,101000,00100011100010000,00110000011,01000011,01100011,1000010,000010,00001,
00010000100100,0000000011101,001000011100,00110000011,0111100101,000010000,000,0000010,000011,01101,1001,100,01,0,0,
011000111000110,1000000011101,001000011100,,0011100100,001000,1000010,0011,000011,000011,1101,101,00,00,0,
00010000100100,0000000101001,000011100,001000001100,0011100111,0011000100,00000011,001000011100,000011,00100,0000010,101,100,0,
01000111000110101101,001000011100,00110000011,0010001010000100100,10000,00000011,10000011,01101,00100,00011,000,100110,
000100001000001101001,000000001,011,001000001100,10000000011100100110,10000011,0000010,01100011,00000,1001,11000011,00,1,
0100001000,1001,0000100111001,100,0011100111,000010000,01100011,100010,0010000,00101,1001,,11010000,00,1000001101001,0,0101100,00100001010011011,100010,01101,0,1011,00001,1001,00,11011000100101,001000011100,
11010000101101,110001,001000011100,00110000011,1000000,000010000,00100000000001,1000010,000011,0001000001001,1001,00,00,001000,
00010000100100,01100000,001000011100,00110000011,01100,0011100101,01000011,0000010,000011,00100,1001,100,00,00010000,00,
00010000100100,0010000101001,100000010011100111,00110000001,10000011,00000011,01000011,0000010,10001,0011100100,1001,000011000,00,00,0,0,001000000100,1000000011101
11011000100101,0001000001001,100011,001000,00100100,1000001101001,11010000,1000010,00,0000010,01000100,00,0,
000010000,0001000001001,001000000100,0011100111,10000,100110,1000,1000010,1000010,100101,1001,101,100,0,0,000000010,01010000,0101100101,01100011,,
00010000100100,0010000110001,001000000100,00110000011,0,000010000,1000000011101,100010,000011,100010,1001,011,0010000,000011,0,
0000000010010000101001,0000000011001,1011,00010000,000011000,0,1000,
00010000100100,00100000000000011001,00110000011,1101,000011100,01000,1000010,000010,00000,1001,101,00,0,1,0,101,0,000,1001,,,100011,1000000011101,,00110000011,0,1,0000010,0,1000011,000111000110,00110000001,11100011,100110,00,,
00010000100100,0010000101001,001000001100,00110000001,0001000001001,000011000,00000011,1000010,000011,00001,1001,1001,00,0,010001000110,
00010000100100,00100000000010,0000100111001,00110000011,0011100111001,10,1000010,1001,1101,,1001,100,
00010000100100,001000000110000001,0010000111001001,0011100100,000011000,101000,1000010,,000011,00011,1001,,00,0,
00010000100100,0000100111001,000011,0011100111,0011100111,,000010000,010,0000010,000011,10,1001,,,00,1,
00010000100100,001000001100,01000011,011,000000011,000011000010000101,1000010100,000010,000011,01000,0101,01,00,
1000000101111000001101001,00100001110000011,1000001101001,000011000,100110,00000,0011,00110000001,100011,001,0001000001001,00110000011,001,
0001010100100011000010,001000001100,00110000001,0000110000010000101001,000,100011000010000100100,1000010,01101,00000,00,00,
100011,0001000001001100,001000000100,00110000011,000011000,000010000,01000011,1000010,00010000100100,00101,1001,101,00,0,0,0,
01001010000100111001,001000101100,001000101100,0011100111,0011000100,01100011,1,100011,0001,100101,1001,000,00,001000,
01010000100101,000000001,001000011100,1000011,101,100110,000010000,1000010,1000000,0000010,
11000110001001101,01010000,0111100101,0011100111,000011000,00000011,1000010,100010,000011100,1001,001000000100,10000011,00,
00010000100100,0000000101001,1000011,00110000001,0011100100,000011000,00011,1000010,1000010,,01101,00011,,00011,,1,
100000011000000011101,1000000011101,001000001100,00110000011,0011000100,000011000,00000011,01100011,011,0000010,1001,00000011,00,00,0001,0,1,0,00,10000011,1001,00000,001000101100,
0111100101,0000000101001,
10000001101000,00000011,001000001100,0000010,0011100101,000011000,000011000,0000010,10000011,10,1001,1001,000,00,0,
1000011,00101,0001000001001,0001,00111000011,001000000100,01100011,1000010,000010,1011,01000011,100011,00,0111,0,
11011000100101,001000000100,,001000011100,00110000011,0011100111,00110000011,000011100,0000010,000011,100100,1001,01,100010,0001000110,00,
0111100101101000,0000001101011,00,001110011,000010000,1000000011101,100011,00000,001000001100,01000,1,,0,1,0,1,
010100001000001101001,001000011100,00110000011,0111100101,100110,101101,1000010,1000110,00100,1001,101,01,000011000,1000001101001,
00010000100100,0010000101001,001000000100,000011,0111100101,000011000,01100011,000010,100011,0111100101,1001,101,00,1001,1,
00010000100100,1011,001000000100,00110000011,10000001,00000011011,000010000,1000010,000011,00100,00,1001,00,0,
00010000100100,0010000110001,001000001100,000000011,0011100111,000010000,11010000,1000010,000011,0010000,1001,1000010,000,1,
00010000100100,0000100111001,001000000100,00110000001,0011100100,0011000010000,0000010,0000010,01101,00011,01000,1001,,00,
011101,00000011011000,00110000011,001000001100,000010000,001110011,0000010,1000010,10,00001,1000010,000,00,
00010000100100,0010000110001,001000011100,00110000011,0011101101,000011000,100,000011,01100,,10011000011,000011,0,0,00,01100011,0,0001000001001,0000010,01100,0101,00101,10,0011100111,00111000011,
00010000,100110,00010000,00110000001,0011000100,000011100,
001000001100100,01000011,100011,01,0111100101,000010000,000000111000110,100011,000011,01100,001000,101,0,
00010000100100,1101,1000011,10000001,000000011,0111100110,01000011,01100011,1000010,11010000,01000,100,000,00,0,0,001110011,0,0,10000001,0,00110000001,00110000011,
00010000100100,0010000101101,001000011100,00110000011,01101,00010000100100,0000000101001,0000010,01101,01101,1001,100,01,1,
010000010,1000000011101,0010000101001,10000011,001000101100,0011000100,00000011,0000010,00100,000010,01000,100,00,1,000011000,
01010000,1000001101001,111000011100101100,00111000011,000011000,10000,1000010,1000010,00111000011,100011,00000,001,00,00,
00010000100100,0010000,0000000011,00110000011,0010000,01110001101100011,1000010,1000001101001,000011,01001,1000110,00,0,
0111100101,0000000101001,001000000100,00110000011,0011100100,100010,01100011,1000010,111000000010,1000000,000,000,00,0,
00010000100100,0010000001000011100,001000011100,01,0011100111101101,000011100,00000011,000011,01001,1001,101,1,0,
00010000100100,0010000101001,001000101100,00110000011,00111000011,11000011,000010000,01000011,1000010,0000010,01100,001000101100,00,00,0,
00010000100100,0010000101001,0011000001101010000100100,001100000110,001000000100,11000011,01000011,01010000,0101,00,100,00,0,001,0,
00110000011011100100,1000001101001,001000101100,00110000011,100110,01000011,1000010,100010,00000,00001,001,0001,00,
00110000011101,0000000010000000,001000101100,001110011101000011,000010000,01000011,01100011,0000010,00101,1001,1001,1001,00,
00010000100100,1,000011,0011100111,0011100111,,000010000,,01000011,,000010,01100,,1001,100,00,00,0,1,
00010000100100,00000000111001,001000011100,00110000011,0011100111,000010000,1000000,1000010,000011,1000110,00,100,01000011,0,
00010000100100,0010000110001,01,00110000011,0011100111,1000011,0011000100,100110,000011,00000011,1001,01000011,011000111,1,
1000001101001,001000011100,001000001100,00110000001,0011000011100,00000011,000010000,1000,100110,01101,00000011,1001101,001,1,
100101,0011101101,0000000,001000101100,0011101101,000011100,00000011,1000010,00000011,00000,1000,001,0,
01010000100100110001,000010000,001000011100,,000,0011000100,11000011,011,100011,110001,0011000011,100,00,0011100111,0,
10000011,1000000011101,11010000100101,001100000111000110,10,0011100111,1000010,0010000110000001,000010,00011,10000011,000,00,
00010000100100,0010000101101,001000011100,1,0011100111,000010000,01000011,1000010,000010,01101,01100,100,1,0,
00010000100100,0010000101101,001000011100,00110000011,0011100111,000010000,00000011,0000010,000011,01001,101101,000000011,01,0,
,0010000,10001,110001,01,0011000100,11000011,000,0000010,100110,00011,01000,000,00,000,
00010000100100,00100001011,001000011100,00110000011,0111100101,000010000,01000011,01101,000011,1000001101001,1001,00000011,01,00,1000010,
01010000100100,0000100111001,0010000101001,00110000011,0011100100,000011000000010000,0111100101,0000010,011,000010,1001,1001,00,0,0,
01010000101000,1000000011101,001000001100,00110000001,1000000011101,0,001000101100,1000010,11000011,10001001100,1001,00,00,001,
11000101101,00101,101101,00110000001,00111001111000110,000011000,00000011,1000010,000011,1001,1001,00,00,0,
00010000100100,0010000101101,001000011100,00110000011,01001,000010000,10000011,0000010,011,0011100101,1001,000011000,00,100,
00010000100100,00100001000000100,001000000100,00110000011,0011100111,000010000,01000011,1000010,000011,10001,1001,100,00,1,
00010000100100,0000000101001,001000000100,0011100111,0,000011000,01000011,01000011,0000010,00001,1001,0000010,00,1001,
11011000100101,0010000101001,100011,00110000011,0011100100,10100100110,0000010,001,1000010,1001,1101,00,0,001000,
00010000100100,0010000101001,0101,00110000011,0011100111,000011100,101,0010000010000,000000011,100010,0010000101001,000,00,00,
1000011,100011101000,0010000101001,0010000,000011100,0011000100,01000011,1000010,0000010,0000010,01000,1001,1001,00,
00010000100100,110001,0010001000011,0010000010000100100,1011000010000,01000011,0000010,0011,000011100,01000,000,01000,1,
00010000100100,0010001001,101101,00110000011,0011100111,000010000,000010,1000010,000010,00110000001,1001,0011100111,1001,1,00,
01101000,0000100111001,100100,1000000011101,0011000011100,000011100,01000011,0000100111001,000011,0000000101001,1001,000,00,01000011,
1101,10001,00100100100,00110000011,0011000100,000010000,00000011,1101,000010,000010,1001,101,110001,11000011,0,
00010000100100,101000,000011100100100,00110000011,0011100111,000010000,01000011,0000010,0010110001,0101,101,100010,00,
11011000100101,10000100100,00111000011,100011,0011000011100,000011100,1000010,1000,00000,100011,001,100,0,
00010000100100,0010000101101,001000011100,00110000011,0111100101,000010000,001101010000100100,101,100100,100101,101,001110011,0,00011,
00010000100100,0000000101001,001000000100,00110000011,0011100111,0001000110,01000011,11011000100101,000011,01101,0000101001,00,00,
100100000,1000000011101,110001100100,0011100100,000011000,11000011,0001,00,01000011,0010000,00000,00,1,
01010000100100,0010000101001,001000001100,000011000,00010000100100,0011000100,01100011,1000010,000010,1000010,1001,001,100,01001,0,
00010000100100,0010000101001,000,00110000011,0011100100,000011100,000011000,1011,100010,01100,,1001,1001,11000011,000,0,0,00001100001,00110000011,11011000100101,100,1001,
000100001001001000110,1001,001000011100,00110000011,10000,011,01001,000,000011,01101,
00010000100100,001000101,001000011100,00110000011,0011100111,000010000,00000011,1000010,000011,100010,1001,11100,01,0,
00010000100100,10001,101101,00110000001,0011100111,00001110000,11010000,0000010,,000011,01101,00001,000,1001,
01100101,00001110001100,00110000011,0011100111,101101,01001,00000011,1000,000011,100110,101,00,001,0,
00010000100100,0010000101001,001000000100,00110000011,00110000011,000011000,00000011,1000010,000011,00001,1001,,100,000,0010000,
10010010001100100,001000100100,00110000011,001100001110000010000100100000011100,1000010,1000010,00000,110001,11011000100101,00110000011,1,0,
01010000100100,100101,0010001010000100100,00110000011,0011100111,00110000011,011,01100011,1000010,01100011,01000,1001,000,00,0,
0100000001110011001,001000011100,111000011100101,000011000,00000011,00100,100010,00000,1001,001,01001,00,0,
00010000100100,001000100100,001000011100,00110000011,0011100111,1001101001,01000011,1000010,01000,100100,1001,100,1000001101001,01,
000000001100011,00110000001,1000000011101,0111100101,0011100101,000011100,00111001100,100011,01101,01100,100010,00,0,
00010000100100,0010000101101,001000001100,00110000011,0011100111,000010000,00000011,0000010,000011,100011,1001,0,000,1,
00010000100100,1000010,001000000100,10,,1001,00110000011,01000011,0000010,000011,00011,001,100,00,0,
00010000100100,0101,001000101100,100,0111100101,01000,01100011,1000010,000010,000011,1101,101,100,00,
00010000100100,0010000101101,001000011100,00110000011,0011100111,00110000011,101101,0000010,000010,00100,1001,01,01,00,0011100111,1,0011100101,1000011,0,0011100100,0000100111001,0001000001001,00010000100100,10000111001,
100100101000,00000011010001,100011,100011,000010000101,0000010,1001,011,000011000,1101,000,001,,
0000000011,001000000110000001,001000001100,00110000011,0011000011100100110,00100000110000,1000010,000011,001,1000110,00011,00,
00010000100100,0,1000001101001,101,00110000011,000011000,01000011,1000010,000011,000011,01100,10,100,11000011,1001,0,000100000100101101,110101000011,1001,,00001,001,00110000011,00100000011100111,0011,0,001,0,1000,
1110001100,00000000100,00110000001,00110000011,0000000101001,001110011,00000011,0000100111001,000011100,1001,100010,00,00,
01010100100100,0000100111001,0010000101001,00110000001,000010000,100000111000110,0010000101001,00001,00100101,11000011,01,100,
01010000100101,0000001101001000011100,11010000,0011000100,000010000,001110011,00110000001,1000010,0011000100,1001,01000,00,000,
00010000100100,0000000101001,10001011,00110000011001000001100,000011000,1000,100,01000011,000011,,
1000001101001,0010000101001,001000001100,00110000011,0011100100,0011000100,000011000,1000010,0111,000011,100011,0010000101001,00111000011,001,
0000100111001,0001000001001,001000001100,00110000001,0011100100,000011000,000011000,1000010,000011000,11011000100101,1001,1001,00,01100011,
01010001100100,1000001101001,001000101100,00110000011,001000000110000011,00001,1000010,1000010000000001,0000010,00100011,000,000,0000010,
01010000101000,1001,0010000001001000110,0011100100,000011000,110001,00000011,100010,100011,1001,1001,00,01001,
00010000100100,0010000101101,001000011100,00110000011,0011100111,000010000,00000011,0000010,000011,00100,1001,00000,0111100101,1,0,0011100111,
0101000001010000100100,011000000,00110000001,00110000011,000011000,00001,00000011,000011000,101000,1001,101,00,001,
00010000100100,00100000011000100,100100,00110000011,0011100111,100110,01000011,0000010,1001,01101,1001,100,00,100,0001,
00010000100100,0000000101001,00100011101100,0111100101,000011000,100,1000010,000010,01101,1001,101,00,0,
00010000100100,00001,001000000100,001000001100,000000001,1000011,11000011,1000010,01100,01000011,1001,101,00,0,0,
00010000100100,0010000101001,0000000101001,00110000011,0011100101,000011000,10,1000010,11100011,01100,00001,100,1001,00,0,
00010000100100,0010000001000011100,001000011100,00110000011,0011100111,1,000010000,00000101001,000011,,1001,100,00,0,
010100001000100001
00010000100100,0000000111001,001000011100,00110000011,1000011,011101101,1000010,1000010,01101,01001,1001,00,1,0,00,
01010000100100,010,0010000101001,000011000,00110000001,0111000011000,000010000,0000010,,100010,1001,00000,100,00,
00010000100100,0010000101101,001000001100,00110000011,0011100010110100001001,01000011,000011,11100,01100,10001,1011,1,
00010000101000,1000000011101,001000011100,011001,001,000011100,00000011,00000011,0111100101,000010000,01100011,0001,00,
0000000101001100101,0000000011101,101101,00110000011,0011100101101,00000,0000010,1000010,000010,01000,101,000,,1001,
1101100010010100111000011,0000000011001,00110000011,00110000011,01011,00000011,0000010,0000010,0001000010000,101,00,1001,1000110,
001000001100,10100,100010,00110000011,0011000100,000011000,100010,1000010,100110,00100,,00,0001,1001,
00010000100100,00110000001,1000010000001,00110000011,0011101,001100010001110,100011,000011,01001,01100011,00,00,0,
11011000100101,0000100111001,000011100,1000010,00110000001,000011100,01100011,1000010,01000011,000011001,00011,000,000,0,
010100000000000101001,0000000011001,001000011100,10000,1000000011101,11000011,1000010,00111001,00011,01000,1001,000,000,00,101000,0,01110,,1001,,1001,001000,,1001110001,00000011,000011000,000,1000010,100,101,000010,011,00,
00100000000000,00000011100100,00110000011,0011100111,000010000,01000011,1000010,0000010,0000010,1001,100,01,00001,
010001000001100,0000000101001,1000000,0111100101000,000011000,11100,00000011,100011,00000,1001,001,001,1001,00110000011,
01010000100100,0001000001001,001110011,1011,0011100100,001,000010000,1000010,1000101000110,0011100101,001000001100,1001,1,0,0,1,1000011,000,
11011000100101,11011000100101,,001000011100,00110000011,,000011100,11000011,000011000,0111,00001,,,1001,1101,0,00,
11011000100101,10001,0101,11011000100101,0011100111,1000110,0000000101001,001000111,000011,01000,,1101,001,00,
100100001110011,0000000101001,000000011,00110000011,011,10000011,00000011,000011,100011,01001,1001,000011000,1001,0,
00010000100100,0001000001001,0010000101001,00110000001,10000,000011000,11000011,1000010,1000010,000011,1001,1001,00,0,
11011000100101,0001000001001,001000001100,00110000001,01000,000000001,0000100001000110,0000010,000010,011,000010,1001,000,0,
00010000100100,0010000110001,001000011100,00110000011,,1000000011101101,1011,0000010,000011,1000000011101000,11011000100101,001,00,01,
11011000100101,0000000,001000000100,00110000011,0111100101,000,11000011,1000010,100010,000011,100101,101,100,0,00,0,0,0,00010000100100,000010,,01111001011,001000001100,1001,0011000100,1011,100,0,01000011,0000010,00100,100,1000001101001,0,00,000,,000011000,0,11100100101,00110000001,1000000011101,1,00101,
01010000100100,0000100111001,1000,00110000001,00110000011,100110,1000,01000011,100010,01101,0000010,001,00,0,
00010000100100,0000000101001,000011100011,00110000011,1000110,000010000,01000011,1000010,0000010,00101,1001,,00,00,
00010000100100,010,001000101100,1,00110000011,100011,11000011,0000010,000011000,00100,10,101,00,00,
11010000010,0010000110001,00110000001,00110000011,000011000,01000011,000,1000000,00000011,01000,00,00,00,00110000011,10000,00,
00010000100100,0010000101101,001000011100,00110000011,0011100111,00110000011,000011100,0000010,000011,00100,1001,100,0010101101,
00010000100100,0010000101001,100010111100,0011100100,00001100010010001,1000010,0000010,000011,1001,101000,001,1,
1000101000,000000110110001,,00110000011,101101,00000011,00000011,000011,1000000,00001,000,1001,1,
00010000100100,0000000011101,001000011100,0011000001110000,000011100,11000011,1000010,1000010,000011,1001,,,01101,00,01,
00010000100100,001000000100,001000000100,00110000011,0111100101,0000111001000110,00000011,1000010,000011,100010,1001,01100,00010000,00,0,
00010000100100,000010,101000,00110000011,01100011,000011000,01000011,00,01,0000010,1001,100010,00,1,
01010000100100,00101,1000001101001,1011,01100,000011000,0000000101001,0010000111000011,0001,001000101100,0010000,1001,01000011,00001,00,
11010000101101,1000000011101,001000011100,00110000011,0011100111,000010000,01000011,0000010,000000011,00100,000011,101,000,101,
11011000100101,0001000001001,001000000100,01000011,0011100100,000011000,01000011,0000010,0000000,00001,1001,001,00,000,
00010000100100,0000000111001,0000100111001,00110000011,000011000,000010000,00000011,0000010,000011,0111,01000,001,00,1,0,
11011000100101,1000001101001,001000101100,01100011,0011100100,000011000,11000011100,1000010,000010000,101000,01100011,10010,1001,1000001101001,
11011000100101,0001000001001,001000000100,001000001100,0011100111,000011000,00000011,00001,1000001101001,00001,1001,0011100101,00,00,
01101000,0000000011001,001000001100,00000011,001,1000,1000010,011,000011,1,1001,000,00,00,
011,010011011,0111100,0011100100,000011000,001,01001,000011,110001,00001110001,000,1000000011101,0,00,
00010000100100,0000000101001,001000000100,0001000001001,01010000,000011000,01010000,1000010,01000,000,,000111001,101,1001,
00010000100100,001000000001110001,00001100,01100,000010000,01000011,0000010,011,01101,1001,100,00,00,0,
100100011101,1000001101001,001000101100,00110000011,01000,100,1000010,100,01100011,00,11100,01100,0,
10010001100101,0000100111001,001000001100,00110000011,000011000,11000011,1000010,100110,00001,0,1001,101,001,01000,
11011000100101,0001000001001,001000000100,0101,00110000011,000011000,0011100100,1000010101101,0000010,0000010,1001,1001,0000100000111,1,
00010000100100100101100000010,001000011100,00110000011,,0011000100,11000011,000011000,,1001,10,1001,100,,00,0,0100,1000001101001,0,00,11010000,,1001,0000010,,1001,00010000100100,,
00010000100100,0000000101001,001000000100,00110000011,1001,01001,0011100101,00000011,000011,1000011,001,,1001,0010000,1000011,01,
00010000100100,0000000111001,001000001100,00110000011,0101,000011000,101000,1000010,1000,01101,1001,100,00,00,0,1001,0000010,001,
100010001,001000000100,001000011100,,00110000011,000011100,00000011,00000011,1000010,000011,1001,1001,00,0,00,
11011000100101,00000000111000110,0010000101001,00110000011,0011100101,00111001011001,00011,110001,00010000,01001,0111,00,00,
10000001100101,000011,001000001100,10000011,000,000011000,1000001101001,1000010,
0010100010000100100,000011000,001000011100,10000011,0011100111,000010000,01000011,0000010,000010,00001,1001,000011000,00,100,
100,0000000101001,001000001100,00110000011,0011100100,
00010000100100,0010000101001,
00010000100100,10001001000000100,001000011100,00110000011,0011100111,000010000,00000011,1000010,000011,01101,1001,,101,01,
00010000100100,0010000101001,11010000101101,00110000011,0111100101,00110000011,01000011,1000010,000010,01100,0001100010000100100,,000,1,
1001010001000001001,1000000011101,001000001100,00110000001,0111100101,10000100,00000011,1000000,001000101100,10000100100,000,000,1,
01010000100100,100010,0000000011,00110000011,0011100100000011,10000,001000,11010000,0010000101001,100010,011,1001,00,1,
00010000100100,0010000101001,001000000100,00110000011,0011100101,000011000,00001,00,000010,000011,1001,1001,00,1,1,
00010000100100,011,00110000011,00110000001,00110000011,000011000,1000010,1000010,,,,101,,101,,,,,0,00,0,
00010000100100,0001000001001,001000001100,0111100101,00011,000011100,00000011,1000010,0000111001,,0011100100,,,00,1,
00010000100100,0000000101001,001000000100,00110000011,0111100101,000011100,00000011,1000010,000011,01010000100100,1001,101,00,0,1,
0001000001001000000011,0000000011001,001000001100,0111100101,001,000010000,00000011,0,00000011,0000010,000000011,101,000010000,
,101000,0000000101001,001000000100,00110000011,0011000100,1,1101,01100011,000011,1000,1001,00000,00,001,
