01000011101000,0000000111011,001001011100,00110000011,0011000100,000010000,00000011,1100010,000100,01010,1001,000,00,1,
11001101100010,0001000101001,001001000100,00110000011,0011000100,000011000,00100011,1000010,000110,00001,1001,001,00,0,
01000001100110,0000110101011,001000100100,00110000001,0011000100,000111000,10000001,1000010,000110,01010,1001,001,00,0,
00000001100110,0100100011011,001000000100,00111000011,0011000100,000111100,00000001,1000000,000110,01110,1001,010,00,0,
01000011101000,0000100111011,011001011100,00110000011,0011000100,000010000,00000011,1100010,000000,01010,1001,000,00,0,
01000001100000,0000000011011,011001101100,00110000011,0011000100,000011000,00000011,1100010,100000,01010,1001,010,00,1,
01000001000110,0000100001011,001000100110,00110000001,0011000100,000111000,10000011,1000010,000110,01010,1001,011,00,0,
01000001101100,0000000011011,001000001100,00110000001,0011000100,000011000,10000011,1100010,100100,01010,1001,010,00,1,
01001001001000,0000100001001,001001000100,00110000011,0011000100,000011000,00001011,1100010,101100,01010,1001,011,00,0,
00100000100100,0000100001001,001000000100,00111100111,0011000100,000011101,00101011,1000000,000100,01110,0001,101,00,0,
00001011101100,0000100011011,001000000100,00110101011,0011000100,000011100,00000011,1100000,000100,01000,1001,010,00,0,
01001001100100,0000100001001,001000000100,00111100011,0010000100,000111010,00001011,1000100,100100,00010,1001,011,00,0,
00000001100100,0001100001001,001000000100,00110100011,0010000100,100111101,00100011,1100100,100100,00110,0001,001,00,0,
01101001100000,0000100011001,011001000100,00111100011,0011000100,100111000,00101011,1000000,000000,00010,1001,000,00,0,
01010001100000,0100110010011,011000101100,00110000001,0011000100,000011000,00000001,1110010,100000,11000,1011,000,00,0,
01100001000010,0000100011001,001001100110,10111000011,0011000100,000111010,00001011,0000000,000100,00010,1001,010,00,0,
01100011100100,0000100001011,001000100100,01110100011,0010000100,000111010,00000011,1000100,000100,00000,1001,011,00,0,
01111011100000,0000100001011,011000000100,01110100011,0011000100,000111010,00000011,1000000,000000,00000,1001,011,00,0,
00100011100100,0000000001011,001000000100,01110100011,0010000100,000111111,00000011,1000100,000100,00100,0001,011,00,1,
00010011100100,0000100010001,001000100100,00110001011,0011000100,010111000,00011011,1101000,000000,00100,1001,010,00,0,
01001001001000,0000000011011,001000000100,01110100011,0011000100,0001111000,000011000,01011,1100100,00001,001100,011,00,
01001001000000,0111101000001100,00111100011,100111,0011000100,10000001,001001000100,100100,0,0010,00,00,,00,
110,010010001011000,001000000100,110001001110,0100,00001011,1000010,0011,000100,0001100110,0100010000011,00,00,
00010000,000000000000100001011,000,00110000011,0000100001011,000111010,00001011,0100,01000,01010,00000011,011,001,00,01001,
0000001100000,000000,011000001100110,0000000,0010000100,0011000100,00000011,001100,100000,0001,1001,0011,00,000,
00100011100100,0000000001011,001000000100,001000000100,011100,
00100000100100,0000100001001,0010,001000000100,0011000100,000111010,100111,1000100,1000000,0101100,1001,010,00,0011,000,
000010001000110,0000100010000100001010110010010001000000100111011100011000100,011100,00000011,01100110,1100000,000010000,011,00100,01000011101000,00,
01000001100000,0000100011001,011001000100,00111100011,0011000100,01100110,011011,00010011,000100,0110,001,01010,0010000100,0,0,
0010000010010001110100,001000000100,00100,00111
011000100000,0,011001000100,00000000,0011000100,000011000,000011000,1100010,1000010,01010,1001,101,010,00011,0,00000001,
00000001100110,00000001,000100111100011,00110000011,0001100,000011000,00000011,10000001,101100,01010,1001,011,001,0,0,
00010101100,0010000100,01100101,0011,11,000011000,10000011,1000000,1100000,1001,011,00100,00,0,011011,0,01,,1100010,01110100011,1001,01001100,000100,01010,
01000001111001,011110001001000100100,000111010,0011000100,001,00011,1000000,00011,000100,1001,00101011,00,0,
100100,000100,000111010,001001000100,00110000001,00110000001,0011000100,1001,00000001,0111,000110,00010,10011001,00,00,
0000100111100011100,0000100,001000000100,00111100011,0010000100,0011000100,100111001000000100,01110100011,11000000100001001,01110,00100101011,001001,001001000100,00,
10111000011000100,0100000111010,000110,10110011000100,0011000100,001,10000011,000111000,1000000,00001,01010,1001,011,0,00,
0000001011100010,011,100,00111100011,0110,,0011000100,0001101011,0011000100,00010,1001,1001,00,0111111,0001,001100,
00000011001000010,0000100011001,0000100001001,00111100011,00100,0011000100,00000000
00100011100010,0000100001001,001000000100,,00000011,00011101,000111010,00101011,000111010,011100,,00010,,100111,000011000,
0000101110110011101100,001000100100,00110011000010,0,00011000011000,00001011,11000,000110,1,00100,0,
010001100001000100100,01001100100110,01100110100,01110100011000,00001011,01001100,100100,000100,00100,01100,00,00011,
110010,1000100,000010000,00,00110000011,0011000100,000111010,1100010,1100010,0100,00110000011,1001,00010,1,000,
100001001100000,0100110010011,011000101100,00110000001,000011000,10000011,1100010,1101100110,1100,11000,01001100,00001011,1011,
000000011,0000000000110000001,001000000100,1011,0000100011001,000011000,00001011,00101011,101100,00000,1001,0,1001,00110000011,
1000100100100,000,11001,11001,00110000011,0011000100,0001,0010000100,000111000,1000,01010,011001,1001,1011,0,0,0000100,01010111,010,000100,010,1,11,00010101011,01110,01100110,001001,01010,1011001,0,000111000,000000,0,00110000011,1001,000,011,00110000001,0011000100,01100,
0110000000101100,001000000100,001000100100,1011,00110000011,,,000011000,1100010,1000000,00010,0010,,10000001,,,1,0011000100,
1011100000010000101100001,00001001100100111000000,0011001000100100,0011000100,010100,1000100,1000010,000100,000100,00110000011,00,00,01000011101000,
01000000100001011,0001100110,010100,01010,0000100,0011000100,1001100,1000100,000110,000100,01110,01110100011,00,0,
01001010011,0000100001001,001000000100,01011,,0011000100,0001,01011,011011,1000010,000111000,00010,1001,010,1000000,
110011011000100,010011001001100100,01110100011,010,010100,00001011,010100,100100,01010,100111000,,00,00,0,
01010010000011000100,0101011,0110001000,00111100011,0011000100,100100001011,00101011,1000010,0100,1001,1001,000,010,00,
011000001100000,000100000010100011,01100,100111,0011000100,0000110000100,0000100,10,01001100,00010,0000100001001,001000000100,00,0,
01100010011,01110000000011,01000,0000000,00110000001,0011000100,000111000,00100011,00111,000110,01010,010,
000100110110,00001000010111000,110010001,0010000100,000111010,10000001,000011,0111,000100,01000,00001,00,
010100010101101100,1011,001000000100,1000,0010000100,000011000,000011000,0000100111,1000000,000100,0000100011001,000000,00,00,
010000010000110000011,0000100010,001000000100,00111100011,00110000001,0011000100,0011000100,000011000,1100100,001001001,1001,010,,0,11001,00000000,0000100001011,000100,01001100,1000000,1000010,00000110,010,1001,00001011,0,,0111,0100011,001,1000000,00110000011,100100,00110000011,00110000001,0001111,1000,11000,100010001000,00100000,1001,
10100011101100,0000100001001,011001000100,00111100011,0011000100,00110000001,00000011,000011000,000000,01010,1001,011,010,00,
00000001100110,0100100011011100,001000000100,011100110000011,0011000100,10000001,00001,010,000110,1001,
010000110000100,0000100001001,001000100100,00111100011,100111,0011000100,00001011,00101011,1000100,100,,,0111,000,,000,,
11001,0010,0000100001001,0100011,0111010001111
0000101100110,0100100100,00000,011,100111,0011000100,00011011,00000001,1100100,0100,011,,,0,000100011,
011001001100100,01100110,001000000100,0011100111100011,0010000100,11001,1011,00001011,100000,1,00010,1001,00,00,010,
01000100011100100,0000000011011,001000000100,10000101100000,00000011,00001011,1000010,000110,01010,1001,0,00,010,
01000010,100100,001001,001000000100,011100011000100,000111010,00100011,00101011,00110000001,000110,1001,011,0,0,00,
01010011000,001110100,1,011000101100101,
01100110,0000100001001,0000000011011,011011,,0000100001001,,000111000,000110110010100,000110,000111010,0011,1001,00,0,00010,
01000001000110,011101000100,001000000100,00110000011,0011000100,0011000100,0110111000000,100100,000100,010000,000111000,010,0000100001001,
01000010001101100,0000000011011,001000000100,001100111100011,0011000100,00011011001,0000100011001,100000,01010,100111000,1000010,00,00,
01001001001000,0000100011001,001001000100,00110000011,0011000100,000011000,0001100110,000011000,000110,01010,1001,0010,00,000101011,
0001110001001100100,10000011001000000100,0011100111100011,0011000100,00000011,000011000,00000001,010100,1000000,0011,1001,01111,00,0,0,
0100000110000011000100001100000011,001000000100,100000,10111000011000100,000111010,10000011,10000011,1000000,00000,1001,
01010001100000,001001000100,001001000100,00111100011,1,0011000100,000011110,101100,00001,01110,001000100100,011001,00,
000010000100110111000010,00010001100110,01010,00110000011,0011000100,00001111000,001001,0100,0001001100,001000100100,010,00,0000100001001,
00100000010010000110,0000100011001,011,01011100,0011000100,01010,01000011101000,00111100011,100100,01010,1001,000100,11000,1,00,
000,100,0101011,
10000001001100000,100,011001000100,01110100011,0011000100,000011000,00000011,00100011,110011000,00001,1001,10,0,
01000001000110,0000000011011,000100,00100,0011000100,01011,0101011,00100,0001110,000110,000110,1001,0,1,0,
0110001100000,0000100001011,001000100100,01110100011,0011000100,00000011,000011000,000100,001000000100,000000,1001,011,001000000100,0,0,00,0,
010000010000101011,0000100001011,01100101,01110100011,001000100100,1111,00101011,1000000,0010000100,101,01110100011,00,0,0,
01000001000110,000111000,0110011000010,0100100,0011000100,0011000100,000111000,0001110,1000,
01110000011100,000110,001000000100,000111010,000010011101000011101000101,001000000100,00101011,1000010,100111,01101011,010,
00001011101100,0000000011011,01100001001000100,000000011001101,00100011,00000011,00000001,,000000,1001,011,011011,010,11001,
00001011101100,0000000011011,001000100100,00110000001,0010000100,100,00001011,00100011,0100011,000100,1001,01000,000110,010,
01001000100,001010,0110011000,000011000,0011000100,000011000,10000001,1000000,01010,1001,0001,1001,00,010,0,,
000000100111101,000111010,0110,00110000011,0011,
01100011100100,0000000011011,00001,01000011101000,00110000011,01000011101000,00000011,000,01100,01010,,1001,,0001,00,
0110000000011011100,0000100011001
00011100100100100,001000000100,00110000001,0011,0011000100,01110,00000011,01001100,00000011,0100011,0110,001000000100,00,0,
01100001000010,0000100001001,001001,00110000011,0000100111101100,0011000100,000111000,00000001,0000110011000100,1001,01000,11,0001100,00,00001011,
0111100010010,0000100011001,001000000100,000,0010,100111,11000,00111100011,1000010,001000000100,000100,0101011,00,0,0,1001,0,
10000100001000011,0000100001001,001000000100,00111100111,00111011100,1100010,00101011,01110,00010,
0100001010110110010101100,001000100100,001001000100,011001,000100,01110100011,000,1100010,01010,00111,000000,00,0,
00000001100100,001001000100,001000000100,01110100011,000110,1100,100100,00101011,000111010,00010,100111,,11000,0100011,0,0,
000011001000101011,0000100001011,001000100100,00111100011,1000100,0011000100,000011000,0000100,01010,000110,00111100011,01010,1001,00,0,
0100100100000000,0000100001001,,00,
001000000100001001000,0,001000000100,00110000001,000111000,0011000100,000111000100,00000011,0000000,000100,00010,000101,00,00,
100000010100000,0000100011001,0000100001001,1100011011,1100,0011000100,000111000,00000001,000000,000110,100000,1001,00,1,
0000000110010010011101000011101000000111000101,011000101100,011100,000011000,00111101100,000100,000000,0001100,011100,1001,010,010,0,00000001,
001000100011001,0010000001000,1000100,00110000001,0011000100,000011000,00000011,1100010,1000000,000000011101100,11001,0101011,00,0,
0100100100000,0000100001011,001000000100,000111010,0011000100,0011000100,01010,00101011,101100,000110,00010,01000,00,00,0,000111010,
011100000110,0000000111,000000000010000100,00,0010000100,0001,0100100,1100010,01000,0001,0100100,011,0,010,0,
00001100001100100,011011,1,011001,0010000100,01011,1000010,00101011,0110,000,,,00000001,00,00100,0,
010010100,0,001000100100,01110100011,0111,0011000100,0001100,00000001,0100100,000110,1001,1001,011,00,00,0,
0100010,000011000111010,0000000,00000001,0010000100,000000,00001011,011,000100,00010,1001,011,00,0,
011000,010011100,001,0001,10000001,0011000100,00,00011,000100,1,1001,10,00,0,0,
0100001001000100100,0000100001001,001000000100,00110000001,0011000100,100100,00000001,101100,010,000110,1001,001,00,00,
01101001100000,0000100011001100100100110011,0000100111000,0011000100,0010,00100011,00110000001,000,01010,1001,0,000,0,0,00001011,00,01010,0,0,0100,00001011,00000011,
0110111100,0000100011001,1011,,,0011000100,000011000,000011,0000100011001,100100,000100,00000,1001,1001,0,00,0,
01001001001000,0000000011011,0000000011011,00110000011,0011000100,000010000,01100,10000001,1011100,000000,1001,01110100011,00110000001,0,
00100010,000,10011,01100,00110000011,001000000100,0000000001011,00100011,00001011,100100,000,
0000101000010,00001001011,001000000100,00110000001,0011000100,000011,00000011,000111000,0000000,00000,00010,1100,0100011,001,0,
0000001101100100,000010000011100001000,01110100011,000000,0001100,00001011,00100011,1000100,00011,011100,001,00,00,0,
0101100100,0000100001001,001001
0000001100011000010000100101011000101100,10,00000000,0011,0011000100,0001100000000,00100011,100000,01010,100,0,00,001,0,
00010,011100000000011011,01100001000000100,00110101011,000111010,0001101111,1000000,1000000,000110,00110000011,00,00,00,0,
0110000100000,0000100001011,100010,01110100011,0011000100,000011000,00000011,1100010,100000,01010,00010101,00,01000,0,
1011100010,001001000100,010,00000000,00111100011,00110000001,0011000100,000111000,1100010,,01010,
010001100110,011011011011,001000100100,00110000001,101,000111010,000010000,1000100,100100,000100,1001,000100,00,1100,
0100000000110110,100111101,101100,10,1,0011000100110,11001,1100000,011100,001,0000101,0,0000,00001011,0,,0100,000,
1011100100,0110,00100101,00110000011,0011000100,1001,0100,1100010,011011,000110,100100000001,00100,00,00,0,0,00,101,01010,1000100,000100,0110,0001111000010000,
01001001001000,0000100001011,01100110,0011001100000,0011000100,10000001,01100110,100100,101100,1001,00110000001,01100110,
01000001101100,0000100001001,0110011000100,00110000001,11,0011000100,01011,,0010000100,
00100000100100,001110101011,0000100001011,100111,0011000100,000011000,000011000,00000001,1000,0011000100,1001,010,010,00,0,
1100010000011011000100110001010,001000000100,01110100011,0011000100,000111000,000111010,00000001,100100,000110,00,1001,011100,00,010,0,
1000101100010,0011100100011,001000000100,00110101011,00110001000011000100,10000011,100111,1100000,00100011,000111000,001,0,
0000110000000000100,0100100,001000000100,00110000001,0011000100,0010000100,000110,00101011,00100,000100,010101100100,00000001,
01000000001101100,0000100011001,001000000100,000000,10111000011000100,000010000,00000011,00000001,011,000100,01010,1001,010,010,
00000000100,001001000100,001000000100,00000011,0010000100,000011000,11000,011001,000100,00000,10010100,,100111,0,00,
1000111001001100,0001100010011000,00110000011,00110000011,,,00001011,000111010,,,,,1001,
01100001000100,1,01110100011,00110000011,0011000100,000111010,000011000,100010000101011,00110000001,01010,1001,0,00,00,
010010011,00001000110010000100001001,00,00100011,0011000100,00011111001,1100010,1000010,1000000,01010,01100,00,001,0,
001000001000001100110,011011,00100011,,0011,0011000100,0000100001011,00000011,00000001,11000,000100,0001,00000000,1001,00,
1,00000,0000100011001,001000000100,011011,1001,000011000,,1000000,,000110,0,,,1001,00,,0,0,
00000001100100,01100110,000000,001000000100,0000000111,00111,000011000,1100010,1000000,0000000111,01110,0011000100,011,1,00,
100001100100,0000100001011,001000000100,01100,00011,0000000111,1001110001100110,10000011,1000010,000111000,100000,010,001000000100,1,
0100011101000110000100,01000,001000000100,00000000,0010000100,000111000,000011000,1000100,000100,01010,0,011,1001,0,
1100010010,00,00000011,0000000011011,00110000001,0011000100,1011,00000011,00000011,000111,01000,011,101,1001,010,0,11,
0001100100000110,0000000011011,010,00110000001,0011000100,0011000100,00001011,0100100,01000,00000,000100,0011000100,,
000000,0011,0110,001000100100,00110000011,
01010001100000,0000100001001,001000100100,00111100011,0001100,000111010,01,0000100,1000000,0000100100100,1011,0011,00,11000,
0100011100100,0000000,11001,00111100011,0010000100,000111000,0010000100,1000100,100100,1001,1001,1011,1000100,0,1000,0,0,0,
00100000100001001,0000100011001,001000000100,00111100011,0010000100,00001100001001111000,1000100,000110,00010,1001,0001,001,0,0,
0110100101,0000100001001,1,,0011000100,0011000100,10010000000011011,011100,00000,000100,00010,000000,0000000011011,00,00011000100,
0111010001111000,00001000100000111010,000000,0000100001001,0011000100,000011000,001000100100,101100,000100,0111,011,001,00,0000100011001,
01101001100000,100100,011001000100,00111100011,0011000100,0011000100,0100,
01000000110000101100,01011,100000,00110000011,00110000011,1000000,00100011,00000001,100100,01010,,,1001100,00,00,
0001100110,000011,101100
0100100100,000011,10011,01110100011,00110000001,000010000,00001011,00100011,00110000001,101110000000011,00010,011,00,00,
01001001001000,01011,001001000100,00111100011,0011000001101100110,0011000100,000011000,,,,000100,,101,1001,011,00,000000,
01001001100100,0000100001001,0000100001011,010100,0010000100,01000011101000,000011000,00000011,010100,000000,00010,00000000,00,1001,
1000010100100,001100000110101011,001000100100,00001000000110000001,0011000100,11000,000111010,011011,000110,000110,1001,100000,1011100,00,0,0,
010000011000110,0,001000000100,000011,011011,0011000100,01010,11,000011000,000110,10011100,000,0,0,0,0,
011000110001100,0000100001011,00111100000,00110101011,00000011,00101011,1000100,100100,01010,1001,011,010,0,
00100000100100,001001,01100101110,0,101100,000011000,000111010,011011,1100000,1001,011,01110,010,1001,0,
000000,0000100011011,001000000100,00000001,0010000100,000111010,00000011,1000100,100100,000,1001,01000,00,010,
01110000000000001000100100,0000000011011011011,001000000100,0011000011000100,00000,00000011,1100010,100100,00000,1001,
10,100100,00001001001001001000100,000000011110000011,00110000001,000011000,000011000,0000000101001100,0000000011011,0,011,00100,0,
1,010,00001100,00,00110000001,,0011000100,0011000100,00101011,1000000,000110,1001,01000,0011,00,0,
00011001000011,0000100,100,00110000011,000111000,,,0011000100,,,1000000,0100011,1001,0011,00,0,
01101001100000,0000100011001,011001000100,001001000100,0011000100,101100,1001,1000000,1100,0110,0000000111,010,010,0,
01000011011,001001100100100000101,01110100011,01000001111000,01110100011,1000010,01010,000100,00100,01110,1001,00,
01000001100100,0000000011011,011001000100,00111100011,00110000001,0011000100,0000100011001,10000011,00000001,000110,01110,10011000010,00,010,
0000100000011000010,0000100011001,001000000100,01100,0010000100,0011000100,10000001,00100011,101100,01010,1001,01000,1001,0,0,100000110011000100,,
01000010000100,001111000110101011000,000000,00000000,0011000100,0011000100,0000100001011,1100010,001,01010,000,010,00,00,00,
01100011100100,0000100001001,001001000100,0101100,0011000100,000111000111,1000100,000111
000110000100010,0000000000,100111,10,1000100,,10000001,1100010000011,,100,100,0,0011000100,,0011000100,,
00100000100000,0000000011011,001000000100,101,110101011,00110101011,1001001000,0001100,000100,00010,1001,00,00,0,
011000100011011,100100,001000000100,000011,0011000100,000111000,11000,00101011,0111,000110,000110,000100,001,00,
1000011000,0000100011001,,0001100,00111100011,0011000100000,0000110011000100,00000001,000000,01010,,1001,10011001001001,0,0,010,0000000,00000001,1100010
100000010010010001100,0000100001001,001000100,0011
001001101100100100,0000100001001,0010000100,001001000100,0010000100,0011000100,0001111000,1100,110000001,1001,101,1001,0,0,0,0,0,01110100,0,1001,101,00,00001,1011,0,100100,,010,
01001000000,000110,0000000,000000,001001000100,00110000001,000011000,000111010,000000,100000011000,10000011,010,00,
0110001100000,00001001001101,0110010001100110,00110000001,0011000100,001,1011100,00000,100100,00010,11,0001,00,00,0,
010010000101011,0000000011011,001000100100,000011,0010000100,0000100011001,100101,,011100,01010,1001,11,000011000,0,
00100011,00011,0000100101,0010000000001,01100110,1011100,000011100,00000011,1100000,100100,1001,000,
010001110100011,0000000011011,0101011,011101000111001,0011000100,000011000,10000011,00000001,1000010000,000111010,011,101,0011,
010001001100100111,0000000011011,001001000100,0001,1011,0011000100,000011000,1000100,10000011,01110,1001,10010001100110,,0,0,
010010010000100011,0000100001001,000011000,,0000100111,0011000100,1001,00000011,1100010,00000001,00001011,1001,0,00,00,0,
000010110111100100011,0011000100,011001000100,
100000100100100,0000000111001000000100,001000000100,0000100111010000000100001001,0011000100,00000011,01100,01010,101100,01110,1001,010,00,0101100,
0100000111010000111000,0000000011011,
010011000000100001001100100,0000100011001,001000000100,00110000011,0011000100,000111010,00000011,1000100,100100,00010,1001,01000,0,0,
0000000000001100000011,00001000110010011000000,00000,01110100011,0011000100,000110101011,1100010,00000000,000100,00010,1001,00011,00,
01001001100100,0000000011011,011000000100011001,0100100,0011000100,00,
0010000001100,0000100001001,001001000100,100000,0001110000011000100,1001,0100100,001001000100,010,01000,,1001,000,010,0,
00000001100100,0001100001001011,001000000100,0010000100,0001100,01111000111010,01100110,01100110,0011,100000,100101110,010,00,
00000001100,00010011101000110101011,000100,01010,0011000100,000011000,000111000,1100010,0011,000110,00000001,1011,011,0,
000100100,00001001001,001000000100,10000011,0011000100,0100,00001011,1000100,0001101100,000110,00101011,1001,00111100011,00,
01100101100010,0000100001011,011001000100,00000,00110000001,0011000100,0011000100,000011000,1100100,1001,011,001000,1,0,0,
01000001100000,0000100001001,0101011,00111100011,0010,001100010001,000111000,00110000011,1100,01010,1001,010,00,1,0,
0100001010111001001000,0,0000100011001,0100100,0011000100,00000011,011011,00100011,01111,01010,1001,11000,00,001100001001,1011100,0,00001011,0000000111,0010000100,01110100011,000,000011,0010000100,100111,
00100011101100,01011001000,1000100,01110100011,0011000100,00,10000001,101,100000,01010,1000100,010,00110000001,00,0,
001001000000,010010001100110,001001,0000000111,0011000100,0001111
01100000000,011001101100010,0001,1100010,00110000001,0011000100,000111000,00000001,1000000101100,00100,0000100001011,0000000011011,00,00,
01000001000110,0000100001011,001000100100,001,0101011,000111010,00110000001,0000100011001,11,01010,1001,00011001,011,0,00,0,
00001000010110100100,00110000100001011,001000000100,001000100100,0001100,000111010,00000011,00100011,00000001,000100,0101011,011,00,0,011,
01100011100100,00001000100,0001100110,10000001,0011000100,0011000100,01000011101000,00000001,0011100010,000100,000100,1001,00,0,
0010001110,000,1000,1000100,0011,0011000100,000100,1001,0100,0000000111,01110001100110,0001,101,0,0,
001000110001100,00001001000100,001000000100,0110010100011,001000000100,0100100,00101011,000,010,01110,1001,00,0,0,
0100000000011110,010011001001001000000100,000100,00110000001,0011000100,01100110,1100010,1100101,101100,01111,000011,00,0,000,
000000010110011000,00001000001100110,0011000100,1000100,0011000100,10010110,000111010,010,00011111001,00001,00,0,00001,0,
0100000110100100,0000100001011,001001000100,01,01110,0011000100,00001011,00111100011,0001,010100,1001,100000,000,101100,0,
0100000010001,1000000,110011001,01110100011,100,100101100,00101011,100000,101100,000100101011,
010100101100,0001100011011,001000000100,00111100010,0011000100,100000,00101011,0111,000100,00101011,1001,01001100,010,0,0,
000111010000000,00110000011,1000010,001000000100,0100100,0011000100,1001,000011000,0010000100,01010,0000100011001,01110,1001,00,0,0,
100000100000,001100000111010,000000,001100000111000100,0011000100,10000001,00101011,01000,01001100,10,011,1001,0,0,
001001010,001001000100,0,001000000100,11001
00100000100100,0000000011011,001000100100,00111100100,0011000100,001100,1100,1100010,1000010,01010,1001,010,010,011001,0,0,
0001000110,0111001,1011,00001,00110000011,00000000,0100011,000110,000110,01010,1001,,
1100110110000,1,,001000000100,00110000001,0011000100,000111000100000,1000010,00000,000110,1001,1001,0011000010,01000011101000,
010010010000110000011,0000100001001,,00,0,01110100011,000011000,001,,101100,00000001,,000011,
0100010,0000110101011,001000100100,000111000,01011,0011000100,000011000,00100011,1000000,000100,01110,0001,00,00,
01000011000100,000000000000100001011,01,00000,000111000,000011000,000010000,00111100011,010,01010,1001,011,000,0101,000011,
1100000100110100001110100001011,001000000100,1000000,100000,0101100,00110000001,00100011,0001100,000100,00000000,0000100111,00000011,00,00,
01001001001001,011100,011001000100,
01100001000010,0000100001011,001000000100,00111100011,00010011000,000111010,00000011,000111000,000000,0100,0100,00,0,00,
010001010100100,0001100001001,001000000100,000100,0011000100,01000,010,1100010,100100,000110,1001,00101011,00,00,
01010001100000,0000000011011,00100001111000111000000111000,01011,000011000,000011000,1100010,100000,01010,0100100,1001,011,000,0010000100,
1100110110000,100111101101,01110100011,001100,100111,100111,00001,00110000011,00000,00100101,
0100100100001,1001011000101100000,000000,0011000100,0000110000010,1100010,00110000001,000000,000100,1011,00,0,0011000100,
01000001101100,1100010,001000001100,00110000011,0011000100,0011000100,000011000,10000011,100100,00010,1001,11000,00,1,
0001100110,000,0001100,01,,,0011000100,000011,0011000100,00110000001,,1001,0000100,011001,011,00,001000000100,0,0,
11001010011,010011001001011001100011000100,00110100011,0011000100,100000010010101100101011,1000100,000110,010,00,00,1001,0,
00001011101000,0001001100000,001000100100,00110000011,1011100000,0011,11000,,000100,00001,011,001,00,0,
0111010001101100010,0000100001001,001000000100,01110100011,01110,1,010100,1000010,000100,000110,01110,1000,010,00,0,0,
01100110,
01100011100100,0000100001001,00001,001000000100,1000000,1,000011000,011,101100,00,00010,0000100111,00,0,
01000001100110,00,0011000100,1011,00001101010,000111010,1000010,10000011,0100,01010,1001,1000100,00,0,0,
0100100100000,00001000010111000000,01100,00110000100011001,101,01011,100111,001000100100,01111,00010,00,100000,00,0,
0100101011,00001000010010011000100,00111100011
011000010001001100,0000000011011,001001100110,0011000100,0010000100,10111000100011,00000001,0000000,000100,1011100,00,1001,0,
01000001101100,00110000011,00100011,,,0010000100,0011000100,000011000,1000100,01100110,000110,1001,0001,00,001000000100,
,001000100,0000000011011,01100100001001001,00110000011,0011000100,00001011,00000011,1000000,01010,1001,10011100,00,0,
1100110110011001,00011000101011,10011,00000,0011000100,1,11000100000100001001,
001000011010,0000100001001,0110001010,00110000011,0011000100,000011000,000111010,1100010,100000,0010000100,1001,010,,010,0,0010,0,000111000,010,000111010,1001,011,00100,1100000010,
01000110,0001100110,0000000011011010011001100,111001000010000,000011000,101100,1100010,100000,01010,01110,010,0001,1,
01110001110001000100100,0000100011001,001000001100,100111,0011000100,100111000,00101011,01010,000100,01001100,011,00,00,11001,
0100000100000,0000100001011,001000000100,001001000100,01000011101000,000111000,011001,001001000100,100100,00010,1001,01111,00,0,
0010010010101101,01011,001000000100,10011000101011,000111010,00000001,00010,00000,00000011,1001,011,00,00,0,0,
010001000011101000010100,0000000011011,001001000100,001001000100,0010000100,000111000,0011000100,00101011,01,01010,00100,011,101,00,
011001011100,011100,01,01011,0011,0011000100,00001100100,0,110000000000110111001,00010,010,0001,00,1,
010000011100,0000100001011,011110100110011000,1100,0000110001000010,00000011,10000011,1100000,1001,011,00,1001,
000100100,1000100,10011,01100,001001,101100,10000001,001000100100,001000100100,0001001100,1001,000010110011000100,0,011,0,
1100000100000110111110,001000100100000111010,00110000011,1100000011,10000011,1000100,000100,01010,000100,0000100001001,00,0010,
011100100,0100100,001001000100,00001,00000001,0011000100101,000110000011,00000011,100100,01010,00000000,0001100,00,100000,0,
0100100100000,0000100011001,001001000100,00110000001,0010000100,,0011000100,0011000100,,000110,000110,1001,1100010,00000000,1011,0,
01001000100,00110101011,010,0011000100,01100,000011000,00000001,1100010,000110,100000,1001,011,00,011,
000010001100000,0000100001001,001000000100,00110000011,0011,,0011000100,10000001,,,0101011,00011,00010,,1001,00,0,
0100100100001000100100,0000100001001,100100,00110000011,0011000100,
010111100100,000010001100110011,01100011011,00110000001,0011000100,000111000,000111010,1011,000000,00010,100000,011,00,0,0000100011001,
0100000100010110001000000,001001000,000111010,0011000100,000111010,101100,001,100100,00110000001,000110,1001,000000,00,
0100100100000,0000000011011,001001000100,00111100011,0010000100110011000100,00000011,1000100,0011,01010,1001,001,00,0,
00001100011100100,000100101,000110010011000100,0011000100,000011000,000111010,00100011,011,000110,1001,1001,
010000100001001000100,0000100001011,0010000001,0111,0011000100,10010101011,00100011,1000010,00010,00010,011,000,0,
0000101101100110,0000000000111000,001000000100,0111010100,0011000100,0010000100,000111010,00000001,000000,01010,0100100,010,010,0,
000010000001001000100100,0000100001001,0000100001011,10000001,10000011,000111010,00000011,00101011,00110001001101000,1001,011,0,1011,0,
01100011010,000100,001000000100,100100,0010000100,0111,00001011,1000010,000111010,100,1001,0101011,00,010,0,
01100000010011,100100101110100011,01110100011,0011000100,0000100011001,00001011,1000100,11010100,00011,01110,
01111001000110100011,0110,1,0101100,0011000100,1011100,00001011,00101011,1000000,000100,1001,1001,00,0,00,
01001000010100100,0000100001011,1000010,001100,0010000100,00000011,0111,1000010,000100,01010,1001,011,0,0,00,
01101110100100,0000100011001,011001000100,00,0011000100,1001,1000,00111100011,100100,
00001011101100,000111010,001,001001000100,0100011,0011000100,0000100001011,001001,100100,010100,0101011,,1001,00,0,0001110100101100,
000010111100100,0000100001011,100000,00,1,1000,0011000100,00101011,00010,0000000,01110,1001,1001,0,0,
0100011101100,0000100001001,001000000100,0001100110,0010000100,0011000100,0100,1100010,101100,00000011,,,011,1001,0,0000100001011,00,
01001001000100,000011,001000100100,100,0010000100,000111010,01100,00101011,00110000001,000100,1001,011,00,0,
01001001100100,0000100001011,001000000100,01100,101110001011,0011000100,000111000,00000001,111001100100,100000,1000000,,00,0,101,
0010001001100
00010011100100,01001100011001000,0,0110,0011000100,00000011,1000100,101100,000111010,0010000100,001,1100010,1001,0,
010010010000101011,000010000001,001000100100,00110000011,00110000001,0011000100,0001100,001001000100,,100,00100,001,00,0,0,
0100000100100,00001000110110000000111,011100001001000100,0000100001001,0011000100,0011000100,10000011,001110000100001001,0011000011000,1001,1,00,00,0,
100110011101100,1000,001000000100,001000000100,0010000100,000111010,000010000,00001,100100,01010,1001,0001,0100100,0,
010001000101100,0000100001011,001000100011,0011000100,000111010,10000001000011000,000010000,011,0000100001011,1001,01100,011,1000010,
010010010001110,01011,001000000100,01110100011,00000011,000111010,00001011,1000000,1000010,001100,0011,001,00,0100011,00,
01111010011000,001001000100,001000000100,01110,0011000100,00011
000000011000000100,0101111011001000100,001000000100,0011000100,001000000100,10000011,000000,1100000,1000000,00110101011,0001,001,
01100011100,0000100001001,001000000100,00111,01110100011,0011000100,10000011,1000100,000110,000100,1001,000011000,0011,00,
00000001100000,0001100110,,001000000100,01110100011,000000,1001000011101000,001000000100,00101011,000100,01110100011,0,001,00,001,
0100100101100110,00000000,011001000100,00110000011,0011000100,000011100000011100,1000000,1000000,100,00010,1000000,00100011,010,00,0,
0100000010000100100111000,01000001001,01110100011,0011000100,0101011,10000011,00100011,0011,000100,00,1001,1001,100000,
000100001100,01000,001000000100,011100011000100,00011001,00001011,1100010,000100,0001001100010,00111,00,0,
0010001100001,01110011011,00000,1100,01100110,10000011,00011,1000100,000100,0,1001,0101011,,00,,
00010011100100,001000000100,001000000100,001001000100,0010000100,000111000,00011
01010001100000,0000100001011,001000100100,01100,00000001,101,0111,01100,000110,000110,00100,001111,1011,100000,00,
01100011100000,0000100011001,011,00111100011,0010000100,0011000100,00001011,1000100,100100,000110,1001,001,00,0,0000000,
011010011000101100,0000100011001,01100100010000110000011,0011000100,0011000100,
00100011010100001001,0010000100,001000000100,01110100011,001100101,0000110011,1000100,,0000100011001,000110,,1100010,00,0,00,00,00,00,0011000100,0001,,1001,01100,0011000100,000111010,001100,1001,10,,0000,0,0011000100,100,0000100001001,0,11
11001101100010,000100011011,001000000100,01110100011,0011000100,000011000,1000010,1100010,01110100011,0011,11,1001,1011,1,0,0,001,1011100,01010,000000,1001,000100,000100,
01000001000010,00011100001011,001001,110011000100,000011000,0001101011,00000001,001,0100,1000000,010,001001000100,000,0,000111000,
0100010,000011001000000100,1000000,000011,1100010,000111000,0001111,00000001,100100,000110,00010,00,010,00,0,
01100001001001,000111000,001000000100,00111100011,0100011,,0011000100,01111,,1000100,000100,0001100110,001,00,00,
0010001001100000,01010,0010000100011,0000110100011,0100,100,00101011,1000010,000110,,100000,1001,010,0,
010000011100,0000100001001,011001101100,00110000001,0011000100,0011000100,1000010,0000001100100,000100,01000,1011,00,00,010,
01100011100100,0000100011001,001000000100,00111100011,0010000100,000111000,00001011,0001100,00110000011,01010,1001,011,00,00,0,0,
00,010,0000100001011,0110001000011101000,001001,0011000100,1000010,01001100,1000010,01110100011,1000010,1001,001,0,000011,
0001000001100110,0010,0000000011011,0001100110,00110000011,0011000100,00110000001,011100,1100010,1100000,1011100100100001011,011100,00,00,
010000011001101100,01110100011,001000100100,00110000011,11101,01110100100,1000010,0000100001011,000100,00100,0100,1,00100011,0,
00000000011001000100100,0110,001000000100001011,00110101011,0011000100,0001101011,1100010,0000100111,1000000,100000,000100,010,00,0,
0100010,00000000110110000100001001,001,00110000011,0011000100,000111000,00001011,000100,0000100001011,01010,1001,011,00,0,00,0,0,0,00,
0100000110,0010,0011,00110000001,00110000001,00110000001,0011000100,1,000011000,0000000,000110,1001,10000001,100000,00,010000111010000,00,
010010011000,0000100011011,10111001101110,001,0011000100,001100,10000011,000011000,000110,0100100,010,101100,00,0,
110000010001011,0000100001001,00011101,00111100011,0011000100,0011000100,000111000,000111010,1100010100,00001,00110000011,10000001,010,0,
110001011000,0000100011001,1011,00110000011,0011000100,000011000,00001011,01001100,1000010,01010,1001,11,00,00,0,
01000001101100,0000100001011,001000000100,00110000001,0011000100,0011000100,000011,00000011,1100011011,1001,011,011,00,
011001011100,0000100001011,001000100100,01110100011,101100,001,00110000001,00101011,1000000,000100,,00110000011,0011000100,,00,0,0,0001101110,0,000111000,0,010,00000001,0000000111,0,
0111010001101101001100,0001100100000,001000000100,01110100011,0011000100,000011000,0001100,00000000,100000,01010,1001,010,00,1,0,
00100011100100,11010100,0001100,00110000011,0010000100,0011000100,00000011,1000000,00000011,100100,1001,
011010011001100010,000,1011,,,,0011000100,000011,000011000,00000001,,00000,00010,,,00001,00,
100000100000,0000100001001,0000100011001,0000000011011,0010000100,000111010,0110,00000011,100100,000000,1001,1001,00,0,0,0,
1100011000110,001,001000000100,00111100011,0011,100,000111010,01100,1000100,00000,1001,011,0,0001,000,
010010011011,0000100001001,0000000011011,1100,000011,0011000100,001,1000100,1000000,000,1001,011,011,01010,0,
000000100000000000100000010001001011,001001000100,000000,000111010,00000011,00100011,000110,1001,00000000,001,00,00,
01000001100000,0000000011011,001001,01110100011,00110000011,000011
000000010100100,0000100011001,00111011001,00111,0011000100,100111,00000011,001100,00101011,0101100,1001,00,0001100,00,00,
0001100110,000,00001001110001100110,001000000100,00110000011,0011000100,000011000,011011,00010,0100,01010,0000100111,010,00,1,10,
01011000000,010,0011000100,00,000111010,0011000100,0011000100,00000011,10000011,100,00011,1001,1001,00,0,0,010,
0110000100001001,10111000000100011001,010,00,10111000011000100,1001,000,
0001001100100011,1000010,1000010,100100,001100100,0011000100,001100,00000001,00101011,11,011011,11000,000111010,1,
0100000010000101101100110,0000100001011,00110000001,1,000011,011001,11000,10000011,0100011,000110,000111000,011,00011000000,0,
01001100011,0,011011,000110,00100011011,01110100011,00010,01110100100,0001,01010,1001,00,010,00,00,
00100010,000011101100,001000000100,0000100011001,0001100110,000011000,101100,,,11000000100001001,0010,1001,,011,,0,
0001000101001100,000000001101111001000001100,00110000011,0011000100,0010000100,0010000100,00000001,0001100,000110,01110000011,0100,00,0111,
0010001100011,000,00010,0001100,00000000,0011000100,01001100011001,000010000,0100100,100,000100,01,00,000011000,
01000000100001001100,0101011,01011,00110000001,0011000100,000111010,0010,1000100,1000000,000111010,1001,011,00,0,
01101100110,0001100111000,100100,0010000100,01110,00000011,00101011,000111010,00010,00100,011,101100,00,00,0,
0100000100000,00011000101011,001000000100,00000000,01000011101000,00,000000111000,11,000100,101100,011,00,00,0,
0110000101100100001100010100001000000000001100110,01110100011,000011000,000011000,01000011101000,0001100,000110,00010,011,0000000,010,0,0001,
0110000100000100,00100000010010,001000000100,00110101011,000011000,0000110000000111,00000001,01001100,01010,0,1001,010,00,00,0,
01101001100000,0000100011001,001001100100,100111,0011000100,000100,000111010,1000000,100100,1000100,01100,1001,00,0,0,
1001000001000110,000,00100101100,00110000001,000111000,0011000100,000111000,00000011,1000000,01010,100000,010,00,00,0,
0100101100010,01001100100110,
00011001001100000,0000100011001,0100110001000,1011,0011000100,00000,0100,000011100,01010,0000100111,0100100,00000000,00,0,010,
0110100110000110000001,00100100100,001000000100,0001000101100,0011000100,00001011,011,1000000,000110,0010,011,00,0,0,
01010001100000,0000000011011,001000100100,01110100011,0000000,000011000,000111000,00101011,00000,100111,00100,011,001,00,01000011101000,0,0,
000,000,00010,011000101100,01110100011,0011000100,00101011,00000011,10000011,1000010,01010,00010,011,1,00,
00100010,1001110100011,001001000000,00110000011,0011000100,0111,000111000,10000001,010100,00001,1001,1001,00100,10000001,0,0000100001011,
0100000100000,0000000011011,0101000000100,01110100011,00110000001,0011000100,
01100000000,0000100011001,01100101,00111100011,0011000100,000100,00000011,1000000,1000010,000110,1001,1001,00,0000000011011,00001011,
0000001000000110,0000000011011,001000001100,001100100,00,000011000,00101011,010,01010,1001,011,0,0,00,0011,
00100011,0000100011001,0100110010010001100110,010100,00010,101,00001011,00101011,000110,
0111111000101000000101100110,0010,001000000100,100111,,0011000100,000111000010,0000100001001,000011000,000110,1001,010,00,00,0,
000110000100100000,0000000011011,001001000100,00110000011,00110000001,000111010,01011,00101011,0101011,01010,,,011,000,,,0,
00000001100000,0000100001011,1011,00001011,0010000100,00000011,0100,1000010,100100,01010,1001,011,01100110,0,00,1000000,0,0,0011,000,
00000001100101100,01001000010,001000000100,000000,0000000011011,0011000100,000111010,00000011,1000000,011,011101001,001,011,0,0,00111100011,
0000101110100011001,0000100001001,001000000100,101,01010,0011000100,00001011,0101100101,110000010,000100,001,001,00,0,01100,
01101111001001,00001000010110,000100,10,0011000100,1001100111,00100011,00000,0010,100100,011100,1001,000110,0,0,0,
0100100001011,1100010,011,001000011000100,0011000100,1,01110,000011,0000000111,01010,01010,1001,00,00,00,
000010111000,0001100110,001001000100,1100,0011,,,00001011,00101011,,,,,,,
0100
00100011100100,00,0000100001001,001000000100,00001011,0011000100,000011000,000111000,1100010,010,0110,01010,010,00,0,0,
011001100010000111010,0000100001011,001000000100,01110100011,0011000100,000111010,000011000,000100,101100,01010,010,0001,
01001001001000,011100011000100,001000000100,00110000011001001,0010000100,000011000,00101011,101100,000110,000100,000000,0001100110,00,0
010001100110,0000000011011001001000100,001000000100,00110000001,10111000011,0011000100,01011,001001000100,011001,000111000,0000100001001,,00,1001,00001,
01000001100110,1000100,0,000111010,1000100,0010000100,0011000100,000111010,1000000,01111,00,00010,1100,00,1,0,
001000,1100,000110101011,000011000,0010000100,
01001001001000,01110100011,001000000100,000010000,0000110011000100,0011000100,10000001,001100,11,00100,1001,01100110,000111010,00,00,
010001001100000,0000000011011,001000100100,00110000001,0011000100,0011000100,000011000,0000100,100100,101100,1001,01000,100,0,0,
0100000100000011,000111000100110,00110000001,10111000000100001001,0011000100,0000110001000010,100100,0000100001001,00100,000000,001,10,00001,
01000001100110,000011,011001,001000000100,00110101011,000011000,0011000100,1000010,000110,01010,1001,001100,010,0,
01000100100100,0011000101011,0000100001001,00110000001,00110000001,0011000100,000011,1100010,1000,1,1001,1001,00100,00,
001000001100000,000100,011001101100,101100,0011000100,0011000100,01011,1100010,001000100100,1000000,01010,1001,00111,01000011101000,0,
01111000100000,0000000011011,001000000100,01100100110000011,0011000100,0001,0000001101111,01110,0010000100,1001,0101011,00,00010,0,010,0,
00101011001,000010000101110111001001001010110010,00111100011,00101011,0011000100,00000011,100000,100100,000110,00,1001,010,0,0,0,0,000011000,00001011,001,000100,000110,1000000,1011100,
01101001100100,0101101100101110,001000100100,0011000100,000111000,101100,0101100,00000011,01010,000100,0000000111,00,0,0,
01110100011001000010,01000,101100,0001100,0010000100,0011000100,00000011,
00100000100100,01001100000,0001100,00110000011,0011000100,01010,000011000,01111,1000000,000110,010,1001,010,0,000,
01000001100110,1010000100011001,011001101100,0000100011001,0011000100,00000011,000111000,010,1000000,01010,01110,01001100,001,0,00,
01110100011100100,11000100110,001000000100,0100011,001100000111100011011,100111,00101011,11,0011000100,1001,011,001,00,
01101001100100,1000,011001,0000100001001,0001100,0011000100,10000001,00101011,1000000,0100,,,0001,000,00,0,
01001001001000,000010001100110011,00100011,00010,0100,00001011,1000100,00010,01010,00010,1,00,00,
00010001100110,001000000100,0000100001011,1011,01000,00001011,101,01110,11000101100,000110,000100101,1001,1011,00,0,
01000101001000,00001001001001000111011000101100,10000001,0011000100,010100,1100010,00001,000,00010,01011,00,00,00,1100010,
0100011110001100,0000000011011,10,0011000000100010,00110000001,00,000011,,0011000100,000000,1001,000111010,00,010,
00100011100100,0000000001011,001000000100,0000100,0010000100,000011000,000011000011000,,10000100011,01010,0000100001011,010,011,0,1000,100,
01000001111000,0000000011011,00100001000000100,00111100011,00110000001,00,10001001100,000100,01010,1001,010,00,00010,
0100000100011011,11001001000010,001001000100,00110000001,0001,0000000,1000100,00000011,000100,1001,011,00,00,0,
1000000010100100,0001100,001000000100,01110100011,0010000100,000110011000100,011011,,001010111100010,00001,000000,0101011,00,00,
01001001001000,101100,011011,00110000011,0011000100,000011000,000111,1000010,01000,01010,1001,010,00,0,00,
00010011100100,0000000111,001000100100,00101011,0011001100,0011000100,00000011,1000000,1100000,000000,01111,1001,0,0,
011000101000000001,000000001,001000000100,1000,00110011000100,100111101,01110100011,000,000100,01110,1001,010,000,00,0011000100,
0000000110001111000,001001,001000000100,0001100110,0100011,0011,0000100001011,1100010,000111000,01111,0000000011011,0100011,00,00,0,
00000001100110,001010110101011,0000100001001,011101000111100,0011000100,0010,000010000,00100011,1000000,000110,0100100,0001100,00,00,00,0,
01100110,000,01011,,1000100,00111100011,00110000001,0011000100,00000001,,0010000001000011000100,01010,01110,1001,0100,00,0,
10110,000000000101011,001000000100,100100,000111010,000100,0010000100,1000010,000110,000110,1001,01000,0,0,01000000,
11000100101011100,000111010,001000000100,100000,0010,000111010,000011000,01110100011,010,000100,,,100111,1001,0,
0110
110001000100000,0000000011011,001000100100,10,0011000100,0011000100,100000,00100011,000110,010100100011,01010,1001,011,10,0,
01010001100000,0000000011011,0011101100,00110000001,0011000100,000011000,1000100,00010,00101011,01010,100111,0000100001011,00,1,0,011,
000010000100100110000001010100,0000100001001,001000000100,,,0011000100,000111000,00011101,1000,101,0111000100,100100,0,00,00,
01100011100100,1011,001000100100,01110100011,
00010011000000100011001,000100011,001000000100,001000000100,0011000100,0011000100,000111000,10000011,0000000,000110,100000,1001,000011000,00,0,
01000001111000,0000000011011,011001000100,0011,0011000100,01110,
01100011100100,0000100000010000,001000000100,0010000100,101,000011000,01110100011,00000001,000000,01010,00010,0011,010,00,0,0,
10000001001100000,100,101,01011,0011000100,,0011000100,,01001100,00110000011,000110,000100,011,11,00,0,
00000000100011100,0000100001011,001101000,001001,0010000100,00001100001111011,00000001,1000,0001100110,,10,1001,0,010,100000,0,
00100011100100100,0000000011011,,00100,00110000001,0011000100,0000110011000100,011011,1000000,0000100001001,01110,101100,,00,0000100001001,00110000011,
0100000110,000000001101100001011,001000000100,0000000111,0011,000111000,0111,00101011,11000,000110,1001,001,00,0,0,
01000001000101011,000010010,001000000100,01110,0011000100,001,0000100011001,0000000011011,01111100,0010,1001,0100,00,000000,0,0,00000000,
1000011100000,00001000010000100,00100011,010,0011000100,0011000100,01011,1100000110,000100,01110,0111,00100,00,00,00,0,00100000111000,1011,
0000001100010000,001001000100,001000000100,000000,0011000100,00000011,00011100000,00001011,1100,101,1001,010,00000001,000,01010,
0100100100001001000100,0000100001001,001000000100,00111100111,0011000100,000011000,000111000,011011,001,0110,001001,1011100,010,00,00,0,
00100011100100,001111000110000100001011,001000100100,000011000,0011000100,0100,000011000,1000010,00101011,01010,1001,1000100,00,0,0,
0100000100100,011001100000100,0001,00111100011,0011000100,000110110000111100011,1100010,100000,000110,01010,1001,00100,001,
0000000011011001000010,001001100010100100001001110001100110,00110000001,,001100100000011111100100,000100,010100,011,00,00,0,
1100100000011000100,0001100110010000101011,001000100100,00110000001,00001111,00101011,00110000001,000110,00001,00100,00,00,0,
0100001001001,100100,001000000100,01110,101,0011000100,000011000,00000011,1000000,100000,01000,0010,10011,0,
0001100100011011,0000100011001,011001000100,00111100011,0011000100,
010001010111000,0000100001001,00101011,00110000011,00110000001,0011000100,00001011,,1100010,101100,,,,011,,000110,,0,
1100110110000100,01000111001,01110100011,0001100110000001,101,0000100001011,00000001,1000010,000110,01010,1001,010,00,
01000100100,01010110000100001001,001000000100,0100100,0010000100,0000100011001,0011000100,000011,1111000,000110,01110,1001,0101,0,
011110001000001100110,00001001100010,0010000100,01110,0011000100,0011000100,00000000,1100010,11000011000100,1001,011,00,0,010,
010000110000110001011000010000100101011011,101,0010000100,10111000011,001110100,001111000111100000,00100,001,00,00,
1100010000111010,00000001100000,0000100001011,001100010,0011000100,000111000010,1100010,1100,000110,01110,1000100,01100110,00,01100
0110010000100011001,10010,01100110,000111000,1011100,00001,0000100111,101,00010010000011,01010,00010,00,010,00,0,00010,
011110001100000,0000100001001,011001,00101011,0011000100,1000100,01000,00101011,101100,
01000001110000011,0000100001011,0111,00110000011,0011000100,000011000,00001011,1000100,101100,100111,1001,0101011,00,00,
000010111000,011011,011000000100,0,0011000100,000011000,000111010,1100010,0000000011011,01010,1001,0011,00,00,
000010010000100100,0001100001001,001000000100,0011000001101011,0011000100,01110100011,00000011,100100,000100,000100,011,01110100011,00,0,
011000100,10000001001,001000001,100111,
00100000100100,10010011001110101001000100100111,00110000001,0011000100,0000100001011,10000011,1000000,1001,01110,000100,1011000,00,0000100001001,0,
011100100100,000000000000100001001,0000100111000011,000,0011000100,000111000,1000,01110100011,100000,1001,01110,010,011,000,
001000110010010010,0000100011001,01011,0100011,00000,000111010,00001011,01110100011,1001001000,0011,,0001,1001,00,0,
00000001001100100111,0000100011001
0100100100100100,010011001001100,
00100010,000000001000010,1011,01110100011,0010000100,01100,100111,00101011,1000000,000000,1001,011,00,0,
100000100010,000100011011,001000100100,00110101011,0011000100,1000000,000111000100,1100000,000100,1001,00,00,
011110000100111101100,0000100011001,1,00111100011,0010000100,0010000100,000,100100,00011101,000110,1001,1001,00,00,0,
0001001000000101100,0000100001011,0111010001100,001000101011,0011000100,00110000011,001000100100,010110001110100011,010,10011111000,00,1,0,
1000100110000010,0000100011001,001000000100,001100000111,0011000100,0011000100,0000100001011,0001100110,100000,01010,1001,1001,010,00,
01001001001000,0000100011001,001001,01110100011,000111010,0011000100,01111100,01011,1100,0000100,1001,1001011100,000100,00110000001,
00100011,101100,0101100,,001000000100,0011000001110000001,0011000100,00001011,0100,000100,000100,1001,,1001,010,0000100111,00000100,00001011,
01000001000110,01001100,001000100100,0111,0011000100,00000011,0000100001011,011,000111000,01010,1001,0001,011,0,0,
010010010110010000100001011,0000100010,100000,010011000,0011000100,000111010,0001,000000,0110,100000,1001,010,00001,0,
01000001100110,000011000100,001000100100,00110000001,10000001,000111000,000011000,00000011,00011,001100111001,001000000100,00,00,00,
0100010,000,0010,000111000,000111000,00110000001,11000,0000100,10000001,100100,000100,00110000011,
000010101011,0000000001011,000010011100011,01110,0011000100,00,00000011,00100011,0000000,000110,00000000,10011001,01110100011,0,0,0,100111,11000,11000100110,1001,000,00100,000,1100010,000000,00000,010,00000001,0011,0,00000001,0010000100,00,1011,01011,0100100,000100,0111,0011000100,01001100,1001,0100100,00000000,001100110,00,00100011,00010,01100110,00,1001,000100,01000,000011000,000100,011,0011,0000100001001,
0001100110,00000,,,,0011000100,100,0100,0011000100,011,,,,01010,1001,1001,,00,0,0000000,0,
110011000010,01,010,0,00,0011000100,0011000100,000111000,
01111000100100100,010011001001,0000000,000100,01010,11000,00,1000010,11
011101000111000000,0000100011001,010,001000000100,00001011,0010000100,00011,,1000100,000,000000,1001,11,00,00,000,0,
0110001100111,000110,001000000100,01001100,0011000100,000111000,00011101,00100011,1100100,000100,01000,000,010,00,
010000000,01001001000,001001,001110011000100,000011000,000011000,00000011,000100,01010,1001,00010000001111000,00100,
00100100100010,000100,001000000100011001,0101100,0011000100,0011000100,000011000,1100010,100100,01110100011,1001,1001,0100100,00,0,00,
0110000100101,0000100011001,001001100111000,011001,0011000100,1011,0010,010,001100100100,1001,01110,000011000,011,0,
0100100110,000010010001,100,0010000100,000111010,00100011,1000100,100100,0100100,1001,011,00,0,
01101001100000,0000000011011,011001000100,0,0011000100,0,000111010,10000011,1000000,0000100,1001,0,00,0011000100,0011000100,0,
00011100000100000111010,010100,001000000100,1000000,0100011,0000100,000011000,01110100011,000111000,00111100011,100100,000000,,,0,0,
01100011100100,0000100001001,001000000100,0111,0010,000111010,00000011,1000010,1000000,01010,1001,000110,
01001001000010,01100110011110101011,01110100011,00000,0011000100,00001100110000011,0000000111000,01010,1001,00,00100,00,00,
000010110010000100000100,0000100001011,001000100110,0011000100,000011000,00000011,000111000,10000011,00000,1001,1001,00,00,0,
01000001101100,0000100001001,000010000,101,00110000011,11000,00001011,011,,,,1100100,1001,000,
00000001100110,010010001011,00,00110000001,1011,000011000,0011000100,1000010,000110,00000,1001,011,
00001000011000,000000001011100100,100000,0,0011000000111,11011011,0001101010,000100,00010000111100011,1001,00001,00111100011,00,
00010001000000100001011,0000100001001,001000100100,00000,0100100,00000011,00001011,1000100,0100100,01010,000100,001,00,0,
0000001011,01100,010,0100010100,0011000100,0000100001011,0001101001100,00000001,001001,01010,000110,010,10000011,0011000100,
00100001000000100001110100000111000,001000000100,00010000001,0011000100,000111000,0100100,1100010,100111,001,01010,100100,010100,001100,001000000100,
011000010000100001001,0000100011001,001000000100,00111100011,0011000100,000111010,1100,1000100,101100,01010,1001,1000100,00,
000000001101100110000001,0111001000011011,0001100,00110000001,0011000100,000011000,00000011,10000011,101100,000110,01000,1001,00,11001,0,
000010000100001011,0100110001011,011001100110,00100011,00000011,00001011,00101011,010,000110,1001,011,00,0,
0100000100000,0000100001011,001000000100,0111,10000011,0010000100,001111000010,00100011,1000010,000110,01010,00010,
011011,0011,0000100011001,,1001,0,0011000100,101,00000011,1100010,1000010,01010,00010,1001,00,00,0,0,
0000000010001001000110,0100110000,001000000100,001001000100,0011000100,000011,000111000,100000,100100,01010,1001,010,00,00110000001,0,0,
01000001000110,00001000100000110,011,0011000100,000111010,1001,01001100,001100,01010,10000011,001001,00,00,
00000001100100,0000000011011,001000000100,01,0010000100,00110000011,
0000100001001000100010100,01101001100100,0011111001,0011000100,0000110000100001011,00101011,000100,001100,01110,0001,0100100,00,0100,000011,0,00,,1011,0000100001011,1001,00001,00000,0,00000000,00000,0101100,,0,101,
011000001100110,000100,00000,01010,00110000011,00110000001,0011000100,000111010,00001011,01,000100,0100100,1001,000,00,0,0,
110011100100,0000000111,011001000100,01110100011,0011000100,1000010,00000011,1000000,100000,01000011101000,00010,011,00,1,
011101100,0001100001001,000010011101100,0010000100,0011000100,10000001,011011,100100,0010,100100,001100,001,00,
011000100010100,000111000,011001000100,00110000001,0011000100,1001000,1000100,1,000000,000110,0011000100,00111100011,00,1001,
0111001100100,00010000000,0000000,00000000,0011000100,00001111,0110,1000010,00010,011100,00000011,00100,0,0,
00100011100100,0010000100,00100011,001000000100,0011,0011000100,0000100011001,001110010000100,1000010,000100,000100,000100,000011000,000000,010,
00000011
100100,00000000101100,0101100,00001,0011,0011000100,10000001,00000000,00000,00010,100000,01000,000010000,0,00,0,0,
00100100001000100,0000100001011,00100001000000100,00000000,000011000,0011000100,000111010,1100010,1000000,000110,00010,010100,00,00,0,
0000000111001000100,000,,0110,100,00110000011,0011000100,0101110,1000000,000100,0010000100,010,001,00,
010000001000010110000100001011,0000100001001,000000,00110000011,0000100011001,000011000,00001011,1000010,101100,01010,1001,011,00,0,0,
0100000110011000,0000100001001,001000100100,1000000,0011000100,0011000100,000011000,00110000011,00,000110,00010,001,00,00,00,
01111010,00001111011011,0000100011001,0011,001001,0011000100,000011000,001,01100,1000010,1001,011,00,1,
00010000001011,000010011110000011011011,010,001001000100,00110000001,0011000100,0000100011001,1000001100000000,000110,000100,010010010000011,01010,00,00,
11001101100010,00101011,01100110011,0010000100,,,10000001,0101100,,,,0000000,1001,1001,00,00,0,
0110001000000000111,0000100001011,00100001010111,00110000011,000111000,000011000,1000100,001000100100,0100,1001,0110011000100,00,0,0,
01000001101100,0101100,000,0101100,1000010,,0011000100,0011000100,,100100,01001100,1001,011,00,0,
01010010000011000,0000000011011,001000010000100,0000000011011,00110000001,0011000100,00000011,00000001,1100000,00011111001,10011001,0000100,
010000100000,0000100001001,001000000100,00110000011,0100011,0011000100,00011101,001001000100,100100,01010,01010,1001,10,00,
01000101000,000011100,001000000100,0000100001001,0011000100,001,000111000,00101011,110011001,000100,0001,00,1001,0,
010010010,0000000011011,001001000,00110000011,00110000001,0011000100,0000100,01110100011,100000,000110,01010,1001,00,00,0,
01001001000101100,0000100001001,0110011100,100111,0011000100,000011000,
01001001001000,00100011,1,00110000011,
01000001101100,0000100001011,1100010,0101011,0011000100,0011000100,00001011,1000100,100100,01010,1001,011,001,0,
01000000100001011,00,0001,001000000100,00000000,0011000100,00000,0000100001011,0001100000001,000100,00001,0100100,00,00,0,
0000000000000,0011000010000100100111100011011,0101100,0000000011011,0011000100,000011,00000011,1,01010,1001,1001,00,0,
010100000100000001100100100001001,001000000100,0011000111010,0000100011001,000011000,00101011,00000000,000000,0011,0,00,00,00,
001010110001100110,00001101011,001000100100,0000000111,0010000100,11,00011,0011000100,000110,00010,1001,000110,0101100,0,
01010011000100,10000011,001000000100,00111100011,00110000011,,001100010001100110,00101011,,,1000010,,1001,,011,0,
0100110011100100,00000,001000000100,011,0010000100,011011,10000001,1000100,011,01010,0,,
0111010001101100100100,000110,001000000100,00100011,0010000100,00000011,00000011,1000100,000010000,000100,0010000100,011,101,0,
01000001100110,0011000101100,001000100100,10000011,0011000100,000111000,0000000001011,0000000100111100011,01,1001,011,000,100100,
01101001100000,00000,011001000100,00110000001,0011000100,000011000011000,00001,000111000,000111010,0001100010,1001,010,00,0,01010,
01111001110110,0001000000100111,001000000100,0000100001001,0011000100,01,10000011,0100011,1100000,000100,01000,001,0,1011,0010000000011011,
11001101100100110000100011011,100001000101011,0,0011000100,00001011,01000011101000,100100,01010,00,1100010,001,0,
100000010,00001011,011011,0011000100,01110100011,0011000100,000111000,001000000100,0,1100000,00001,0001,000100,00,0,
01001001100000,0000100011001,0110011000100,0011000100,0011000100,100111000,00010,00111100011,00010,00010,1001,000,011100,1,000,0,0,,100,01010,0,000100,010,0,00001011,001100,1001,,1000000,1,011,
01000100110000110000001,000110,001000100100,00110000001,0011000100,000111010,000011100,00000001,000000,000110,1001,1001,010,0,1000000,1001,
00000001100110,010000000100001011,000000,00,0010000100,000100,10000001,1100010,1000010,000010011101001100000110,1001,00,0,
01101001100000,0000100011001,001001100110,1011,000111010,000,00101011,1001,01010,0,0001,00,00,
01101010101,010011001001011,001000100100,100100,01000011101000,0111101100,001000000100,1100100,001001100,
11001101100100100,0001000101001000100,001000100100,00110000011,0011000100,10000011,1011100,01110,000100,1001,011,00,0,00,010100,
0010001101100110,000011100,011110001100,011001,000011000,000011000,00000011,001001000100,100000,01010,,001001,010,0,
010000101011100100,0001100110,001000100,00110000001,100111,1001101,001010110001100,,000,1001,011,00,0,000,
00000001100110,011100000000011011,001000000100,001,1,1100010,000011000,00101011,101100
00001011101100,0001100110,000000,000011,0011000100,000111010,0001101100,000011000,0000100001011,011,000111010,0,
01000001001100,0000100011001,001000000100,000100,1100010,0011000100,10000001,1000010,010,1000001100,1001,00100,00,000,
00100000100100,00011000010010110,001000000100,10001011,000011000,0100,00000001110,01110100011,100,0001,00,010,0,
01001000001000,0000100011001,001001000100,00110000011,1011100,1,00001011,1100010,1,01010,1001,011,00,0,
0001001101000,00111,011000010,11001,0011000100,000011000,01000001111000,1000010,0100,01110,1001,0000100011001,1,00,
000,000,0000100001001,,0001,0011,0011000100,0011000100,01011,00001011,1000000,000110,1001,1001,0000100001011,00,00,00,
0100100100100010,010,0001110,00110000001,0011000100,000011000,1100010,100000,01010,01010,1001,1011,1,00111100011,0,
001001000100,011001,0,001000100100,1,0011000100,000111000,000011000,00101011,11,01010,011100,01100,00,0,00,
01001100001,0000100001001,00000001,01110100011,0110,10000001,00001100000011,0010001111,00101011,01110,011,00,0,,
