00010001100110,0000100101011,001000001100,00110000001,0011000100,000011000,10000011,1000010,000010,01110,1001,101,00,0,
01000001100100,0000000101011,001000101100,00111000011,0011000100,000011001,00000011,1000000,100110,01010,0001,001,00,1,
00000001100110,1000100100011,001000111101,00110000011,0011000100,000010000,00000011,1000010,000110,00110,1001,001,00,0,
01000011100100,1000000111011,001000101100,00110100011,0011000100,000011000,00000011,1100000,000100,00010,1001,000,00,1,
01011001100000,0001000101001,011000000100,10111000011,0011000100,000111000,00000011,0000000,100010,00011,1001,001,00,1,
01010001100100,0001000101011,001000100100,00111100011,0011000100,000111001,00000011,1000000,100000,00010,0001,001,00,1,
11000001111100,0000000110001,001000011100,00110100011,0010000100,000010000,00100011,1100100,100100,00011,1001,000,00,0,
01000001111100,0000000110001,001000011100,00110100011,0010000100,000010000,00100011,1100100,100100,10011,1001,000,00,0,
01011011101100,0000100110011,001000000100,00110100011,0011000100,000011000,00000011,1100000,000000,11010,1001,000,00,0,
11000010101010,0000000111001,011011001100,00110000011,0011000100,000011000,00000011,1000010,000000,00011,1001,000,00,1,
00110001100100,0000000110001,001000101100,10111100011,0011000100,000011000,00000011,0000000,000000,11111,1001,000,00,1,
01001001101000,0000100010011,001001000100,00110000001,0011000100,000011000,10000011,1000010,100110,11010,1011,000,00,0,
10000100100110,0000100101101,001000011100,00111000111,0011000100,000010000,00100011,1000000,000100,00000,1001,101,10,0,
01000010100010,1000000111001,001011111100,00110000011,0010000100,000010000,00000011,1000110,000100,00011,1001,000,00,1,
01111001100100,0001100101011,001000000100,00111100011,0011000100,000111000,00000011,1000000,000000,00010,1001,001,00,0,
01000001011000,0000100010011,001001001100,00110100011,0011000100,000011000,00000011,1100000,110100,10010,1011,000,00,0,
01010001011100,0000100010011,001000011100,10111100011,0011000100,000010000,00000011,0000000,110000,10010,1011,000,00,0,
01000010101000,0000100101011,001011001100,00110000011,0011000100,000011001,00000011,1100010,000100,01010,0001,001,00,0,
11101000101010,0000000101011,101001000100,10111000011,0011000100,000011000,00000011,0000000,000100,00010,1001,001,00,1,
00100000100100,1100100111111,001000001100,00111100111,0011000100,000011000,00000001,1000000,000100,00110,1001,000,00,0,
010000100001101011,0000100010011,0000000101011,000010111100011,0011000100,00,00000011,0100100,11010,0100,1011,1000000,00,1,
01001000010001011000100,0010001,00110,00110100011,0011000100,000011000,00000011,000100010,100010,00011,1011,000,00,0,
00100100010,100000,0000000101011,00110100011,
010000100000000101011,0000101,01001001000,00110000001,0011000100,000111000,00000011,1001,11010,000100,1001,001,00,0,
01111001100100,0000000110001010,001000000100,01100100,0011000100,000111001,00000011,00110000001,000100,1001,1011,000,00,0,
01000010001111100,0000100010011,001000011100,00100011,,0011000100,,0001,0000000101011,110000,,000100,0101100,1001,00,,,0,
0100100110,
01000011100101010,0000000111001,0110000100101011,10010,000100,00000011,0000100101011,00010,00011,00000,1001,001,0011,0,
01011001100000,0001000101001,011000100,10111000011,000010000,1001,1100100,110,010,00011,0,00,0,
1100101010111100011,000100010,1000,00110000001,001000011100,000010000,0011000100,00000011,0000000,,00011,1001,001,0000,,
10000100100110,0000100010,001000011100,0,0011000100,011,0011000100,00000011,001000011100,000100,001000000100,1001,001,00,
01001010110101100,0000000101011,001001000100,101110000110,0011000100,000011001,0000000,1,
100001000010000001001100000,0000000101011,0000100000111000,00111100011,0011000100,0010,00000011,0010000111000,1000001,1001,001,00,1,
1000010000110000011110,0010001100,00100,00010,000010000,0011000100,00000011,0,10111100011,00011,0001,001,00,0,
01000011100100,0000000101011,000111001,00111000010,11010,00100100,00000011,1100,100110,1001,1011,000,00,000011000,
01011011101100,000000,00011,00110100011,00110000011,00100011,1100100,110000000000011,000100,00011,101110000110,00,
01011001100000,0001000101001,011001100,000100010,1000100100,100010,00000011,100100,10,000100,1001,0000100010011,00,00,
10000100100110,00001000001110011111,001000011100,10111100011,10111000011,000010000,10011,00100011,100010,1001,1001,0100100,00,0,
,100010,0000000,100110,11100,000000,001000001100,0011000100,00000011,00,000100,
00000001100110,0000000101011,0000110010000110011100,01100,0011000100,0,00000011,00000011,000100,00011,0001100,1001,00,0000010000,
01001011001100,0000100010011,,0000100010011,00010,0011000100,,,,,0000000,010,,00010,00011,1001,,00,0,
11010000110000011,0000100011110,0011100011111100,0011000100,1110,000011001010,00110100011,01100100,0000000010000,000100,000,000,0,
01000001011000,00000001010111111,1000010,00110100011,00110001000,000011000,00000011,110000,00010,001,000,00,00110,
111010001010,0001100,001001001100,10111000011,0011000100,000011000,00000011,1000010,010,001,1011,000,00,0,
0101110000001,0000000111001,001000000100,00110000011,0000110000000100001100100,00000011,110000,00111100011,000,000,00,0,0,
1100111100011001100,100,100011,01100,0011000100,,000011000,,01100,000000,000111,10000100,1001,10111000011,00,0,
0100100100110,0000100010011,10000011,000111000,1000,0011000100,00000011,0000000,00000011,,00010,1001,001,00,0,001000011100,
010000111000000100010011,0001100,000100,001000000100,0011000100,0000,000011000,00000011,1100000,000100,11010,1001,1001,00,1,
0101100001000000100,0000000110001,001000011100,001000101100,01100,0010000100,0011000100,00000011,,,0001,000100,1001,00,00,
01011011101100,0000100000111000,001000000100,00010,0011000100,00000011,0011000100,110000,100010,1011,000,00,1,
01001110,00001001101000,00110100011,00111000100,0011000100,00000011,00000011,110100,1000010,00010,101011,1001,001,00,0,
11000001111100,1010,0000,1001,001110010010,0011000100,,000010000,100100,1000010,01100,1001,00,0,
,000,100000011110100,001000101100,00110000001,001000001100,0011000100,000010000,0000000,00000011,10,00010,00011,000,00,1,
0000000110011000000011,10011,00100011,00100011,0011000100,10111100011,00000011,00000000,0100100,0,00110,10010000100010011,0,10,
000000011000010,1000000111011,01010,00111100011,0011000100,0011,00000011,
00100001000001111100,0000000110001,10111000011,00110100011,0010000100,000010000,000,00000011,1000000,00110000001,000011000,000,00,0,
000000011001100100,0000,001000101100,0100,0011000100,,0,,,1100000,10010,,
0100100100101000010,0000100101011,0010001110001100,0011000100,000010000,000011000,01000010,1100000,100,00010,11000,1001,101,00,
01000010101000,0000100101011,10000100,00111100011,00110000011,0011000100,00000011,00000011,110000,000100,1001,000,001,00,0,
0000110001111000000100,0000000101011,101001000100,10111000011,000011000,000011000,00000011,01000010,1000010,000000,00,1001,001,1,000010000,
,100001001,0000000010000,0011100111100,00111100011,0011000100,000011000,0000,000010000,01010,000,000,00,0,
010000100110001100,10000001100110000001,1000010,00110000011,0011000100,000011000,1100100,10000011,1000010,11010,1011,000,00,0,1000000,
01010001000110,0000100010011,001000011100,10111100011,0011000100,000010000,000011000,00000011,0001111100,000100,00010,1001,001,00,10,
11000000001111100,0000000110001,0000,11010,0010000100,000010000,001000110,1100100,111111000,1001,1001,00,00,
01010001010000,00111100011,000111001,10111000011,0011000100,10111100011,00000011,1100000,110,0011100,1001,001,00,11100,
01001001101001,100,00100100001000001100,00110000001,0011000100,1000010,000010000,1,10,11010,1011,000,00,0,
01011001100101,1000000,001000000100,00110100011,,0011000100,00000011,0,1100,01000010,000000,01010,001,00,1,
01000011100
0100001000001100110,10111000011,101,0010,01100,00110000011,110100,00000011,110000,10010,100,000,00,1,
110000000001100010,0000000101011,11010,1000000,00110000011,,0,00000011,00100011,00110100011,1000010,,000000,1001,00,000010000,0,
01011000000110011100,100000011101011,001000000100,100110,0011000100,000111000,00000011,100010,100010,00010,1,00,0,
0010010111010,011101100,00110000011,1100100,0011000100,000111001,10,
01011000010001011000,00100100110,001,001110010000100,00110000011,000011000,00000011,100110,100000,000000,0001,001,00,00,
110000110000011,0000000110001,001000011100,00110100011,0010000100,000010000,00100011,110010000110100011,11000,1,00010,00110,000,00,
010010011000000,1000100100,001000101100,00110000001,10,0011000100,10000011,000111001,0000000111001,1001,00,101,001,1,
1001,00110100011,0000000101011,001001001100,10111000011,0011000100,000111000,00000011,11000001,000100,1100,101,1001,1000,10,
01000001111100,0000000110001,001000011100,00110100011,0010000100,1000000,000010000,1100100,0000000,001,1001,000,001,0,0001,
01010000000010,0000100010011,10011000110011,0011000100,000011001,00000011,0000000,100110,01010,1001,000,00,1,
010100000000,00010001001110,0010001011000011000100,0011000100,00100011,00000011,0011000100,0001100,11010,1001,001,00,0,
01000010100010,1000000111001,00110,001100000010,0010000100,00100011,1100100,1000010,000000,1001,0001,000,00,10000011,
010000110000001,001011,001000011100,00110100011,00110100011,000010000,000111000,00000011,100100,010,1001,1100100,000,00,
01011000010101011,0000
01000010100010,10000001100001001011,1000000110010000100,10010,0011000100,0000110000,1100000,000100,01110,000,00,001,1,
01000001111100,0000000110001,001000011100,00110100011,0010000100,1010,00001100000,00000011,00111100011,00011,
00010001100100100,00011,00110100011,00111100011,000100010,0011000100,00000011,,0000100,000100,00011,00110,1001,00,10111100011,0,
01010001100100,0001100001000011100,00100000010000,10111000011,000010000,00000011,00000011,1100000,0101100,1000,1001,000,00,1,
0100001111100,0000000110001,001000011100,00110100011,0010000100,000010000,00100011,1100100,100100,11010,1001,000,00,0,
0101000101010,0010111100,100110,01100100,001100000111011,10,1001,0000100100,11000,000,000,00,
1100101011001000001,0101100,0100,1100100,10,,110,0000000,1100000,1000010,001,1001,001,00011,110011,
1100001001100000010010010000001000011000100,0011100110011,00110000011,0011000100,000010000,1000000,000,11010,1000100100,000,00,1,
01000011100001110001000010,00001000010000111000000000101011,00100011,10111000011,1001,0001100,1000000,1101001,00010,1001,000,001,0001,0,
10000100100001001100100,001001000100,00110100011,00110100011,0011000100,000111000,00000011,1100000,010,10010,0001,000,00,1,
11000001111100,0000000110001,0000100,00110100011,00110100011,0011000100,000011000,000011001,100100,11010,000100,000,001,00,1,
01000011100100,0000100010011,001001001100,00110100011,0011000100,0010,00000011,100011,110100,000011000,1011,000,00,0,
01011001100000,0001000101001,1011110001101100100,00110000001,00110000011,000111000,1011,00000011,1100000,000100,000,0001,00,11000,
0101011110001111000,0000100010011,0000000101011,10111100011,0011000100,0011000100,1011,10000011,110000,1111,1011,00,00,0,
010001010100,011001100,00110100011,10011,000011001,0011,00000011,1000000,10011,10010,101,101,00,0,
010000100111100100,0000100010011,001000101100,000100,00110100011,0011000100,00110,00000011,000010,10010,00110000001,11100,00,0,
01000001111100001001001000,00110000001,00110100011,100000011,00110001000100100,0011000100,1000010,0000000,000000,000000,1001,001,00,0,
0101000
01011001100000,0101100,110100,01010,0000000101011,0011000100,000011000,00000011,1000000,01100100,11010,1001,00,00000011,0,
11000010100,100110,00100100100010,0101100,0011000100,000011000,00000011,100110,001000101100,11000,1001,001,00,1,
00100100010000011000,0000100010011,10010,00111000011,0011000100,0011000100,1000000,1000010,100110,01100100,1011,001,00,0,
010000000001100010,,10,01100110,00110100011,0011000100,000011000,00000011,10111100011,000100,00010,00011,1001,1101,
01000011100100,10,001000101100,0100100,0011000100,0010,110011,,000010000,1000000,00011,000011000,000,0001100,00100,
1000010000100,1000000111001,001000101100,1,110100,00111100011,0011000100,00000011,00000011,,101011,1001,00,00,
01000011100100,100000011000010000,00110100011,00110100011,0011000100,000011000,00000011,00100011,000100,01010,000,000,00,0001,011,
0000100100010,0001100,0000100,00110100011,0010000100,1100,00110,00000011,001,00100011,00110100011,1110,000,00,10111000011,
01000010001100000111111,00,001000011100,001110001100011,0010,000111001,0011000100,1000000,000100,000111,000,00,0,
0100001001111100,0000000101011,001100,00110000001,110011,10010,0000,000000111,0011000100,10010,01010,001,00,0,
0100100100011100100110100,0010011100,00110000011,0011000100,000011000,00000011,101110000110000100010011,101,1001,000,00,0,
11000001000101000100100,000000001100110010,00110000001,0011000100,1,1100,,1100,000100,00010,000100010,001,00,1000000,1010,
01000011100100,0000100010011,0010111011,0010000100,00110000011,10010,101,1100000,110100,000100,1001,1010,1001,00,
0111100110,0001100001000001100,00110,100,0011000100,10000011,00000011,1000000,1000010,00010,000,001,000010000100,001000101100,
10000100000111000000010000100000110000011,001000011100,00111000100,00100,001000011100,00000011,00100011,001000000100,000100,0100100,001,00,1000100100,
0101000000011000,1000100100011,00110100011,00110100011,0010000100,
000000011001100100,10001001000000000111001,0111100,0011000100,10111000011,00000011,00111100011,0000000,
100001000000110001001000100100,00001001011011101100,0011000100,001011,1011,1000010,100,0000,0100100,0001,1000100100,11000,100010,0,
01001001000100010000100,0000100010011,001001000100,0011100,000010000,0011000100,00000011,1000000,000100,00010,1011,000,00,0,
0100000111001110,1111,001001001100,01,0010000100,00110000011,00000011,1000000,100010,000100,000,001,00,0,
111010001011100,11010,011,001000000100,00111100011,0010000100,1,00000011,100100
01010101111000111110,001000000100,,0000000110001,00111100011,10000011,00100011,10,1000000,10,00010,,1001,1001,00,1,0,
01000010101001,101,001000001100,00000,0011000100,001,00000011,11010,110100,10010,11100,10000001100,000100,000100,
111010001011100,1000000111011,001000011100,1100,
01000010100010,1000000111001,001011111100,00110000011,00110000001,000010000,001,00000,
00001001101000,0000100010011,11,00110000001,0011000100,0011000100,11100,00000011,00000011,0100,00011,000111000,001,00011,00,0,
0100001110000111001001,00111100011,001000101100,10111000011,001000101100,0000,00000011,1100000,0101100,10010,001,000,000100,1,
0100100101111000111000,10111000011,001000101100,100000110000000101011,0011000100,1100,00000011,0000000,0000,0000000,1011,0010,1100,00,0,
0100001011000,0100,,00100,100,0011000100,1,010,1100000,001000011100,00011,1001,000,101,
0000100
0101000101010,0001000101011,00110100011,100011,000010000,01100100,0010,00110,100,11100,0001100,00,00,1,00100011,
010100000011001000011100,0000100010011,00,000011001,00110000011,0011000100,00000011,00000011,11000001100,10010,0010110,000,0000000101011,110100,
0100100000111100100,0000100101011,001000011100,0100100,1100,0011000100,1,1100000,1100000,100000011,00010,000,000,1,00,
01000001111100,0001000101001,,00100,00110100011,,000010000,,00000011,1100000,100110,101,1001,001,00,0,
00010001100110,1100100,110011,110,10111100011,0011000100,,000010000,00,000000,000110,1001,
111100101101001100,01100100101011,10111100011,00110100011,0011000100,000111001,00000011,1100100110,000100,1001,000,000100010,100100,1,1111,100110,11010,111100,000011001,0000000,1001,000,,0010,0,00010,00000011110,00111100011,110,
0100001110000110000001,0000000101011,001000101100,00011,00111100011,00110000011,000011000,00000011,110000,01110,0001,101011,001,00,
01000010001111000111,00011,0010111000000,00110000011,0011000100,000111000,00000011,0000,100010,00011,1001,000,00010,1,001000000100,
0100111011000,0000100101011,001001001010010,00010,0011000100,0000,110,0000111100,00010,1011,000,00,,1,
01001000010000100000100101100110000001,001000000100,00110100011,0011000100,000111001,00000011,00100011,011,00010,00100011,001000000100,01010,1000000,
01001001110001100,01010,00110000011,001110001100100,0010000100,0000100101011,00000011,1100000,000100,001000101100,0001,000,0,100000,
1100100010,0000000110001,0001111100,001000000100,00110100011,0011000100,00,11000,1000000,000100,00010,001000001100,000,1000100100,
01000011100100,10000001100000011,01110,00110100011,0011000100,000011000,00000011,000,100110,100110,001,101,00,11100,
010000010000111100,000010010010000010,00111100011,0011000100,000111000,00000011,0011000100,1010,00011,1001,101,00,1,
000100,00110,1110,,11010,0010000100,000011000,00,
000000011001111000,0000100101011,1110,11010,0011000100,,00000011,1000010,1000010,00010,1100100,000,00,0,
10000100100110,0000100001000000000110001,001000011100,00110000001,0011000100,10,000010000,00100011,10011,1,1001,000,00,
01000011100100,0000100101011,1000000,10111100011,0011000100,0011000100,000111000,00000011,,100010,000100,001,000,00,1,
0000000110010010,1000100100,100101100,00110100011,0011000100,,,
0000100
11001111,1000010,000000,00110100011,00011,0011000100,000111001,,00000011,1100010,00011,000,001,00,0,
01000011100011,00110000011,0000100000011000,0010000100,10011000100,000111001,0000000,10,000100,
00010001100110,0000100101011,001000001100,10111000011,0011000100,000011000,000011001,1100,1000000,1000010,00011,0001,1001,101,000,
000000011001000,10001001000111100,00110000011,001000011100,0011000100,,10000011,0000000,11010,00010,1011,000,00,0001110010,
01000011100011,1000010,00110000011,00111000100100,00110000011,0011000100,00000011,100100,1000000,10010,1011,000,00,0,
010000100100,1000010,00,01011001100,00111100011,0011000100,00000011,01100100,10001100,000100,000,000100,000111000,01110,00011,
00000001111000010,1000100100011,00100,0010000100,0011000100,00000011,00000011,100100,1000010,00011,1011,000,00,0,
010001000100010110011,0000000111001,10111100011000010001001100,11010,00000011,00000011,00110,000100,000000,00011,000,000,00100,1,1100,10011,010,00110,00000011,1010,000,00111100011,0011100,0,1000000,000,001000011100,0011000100000100,1011110001100,1010,000000,00100,0000000110001,11000,1110,0,,00,
00000001100
01000001100100,0000000101011,0000100101011,00111000011000100,0011000100,000011000,00000011,1100000100000,10,00010,0001,1001,001,00,
0100001011110001,000,00001010,000010000,0011000100,000011000,10000100,10010001001,101,1001,110100,001,1000010,0,
01000001011100,001000101100,10,110100,00110000011,000010000,00,00000011,0001100,000100,00010,1001,000,00,00,
01111000,,0100,00110100011,1100100,0011000100,,,,,0000000010,000100,00010,00011,000,00,1,
010000101000101000000,0000000101011,001011001100,0011000100,0011000100,01010,00000011,110100,000100,00011,00110,00100,00,10,
11101000101010,0000000101011,0010001000000100,0011100001000001100,00110000011,000011000,00000011,10000100,000100,101,10011000000,00,0,
000111000010000101010,01011001011,11010,00100,0011000100,010,00000011,1100000,1000010,10010,1001,001,00,1010,
01000011100100,1000,001000101100,100000011,00111100011,010,00000011,0000000,00000011,000100,000111001,1001,1001,001000001100,00,0,
010000011100100,0001000101011,00110100011,001,0000,00100011,00000011,001,100010,000000,010,1110,0001,1,
10000100100110,0000100001001000111000010,01010,10111000011,0011000100,000010000,00000011,00001000010010,00010,1001,001,00,0,
1100100000100101011,0010,0101100110011001100100,0011000100,001011,00000011,0001100,000000,00011,1001,001,00,,11100,
11000001111100100010010010,001000011100,001000110100,001111000110,0011000100,00000011,,1100000,00110,110,1001,1001,00,0000100,0,0,11010,0011000100,110100,,0,10111000011,001000011100,,0000
0100001010001100100,10000001110000011,00110000011,00110100011,10111100011,000011000010,00000011,0101100
010000111001100100,0101100,00100011110,100000,000011000,000011000,1100100,100100,01010,100110,000100010110011,001,10011,00,0,
01001001101000,0000100010011,001001001100,100,0011000100,1011,00000011,0,10011,0000000,1011,100010,00,0,
0100110011000000,0000100010011,001000011100,00111000001111100,0011000100,000011000,00000011,0011000100,100110,00010,1100100,000,0001,1,0,
01000001111100,0000000110001,001000011100,00100011,001000001100,000010000,000011000,1100100,100100,10011,1001,00110000011,00,0,
01011001100000,100,0000,00100011000,100011,0010,110011,100011,000,1001,100011,000,00,100110,
110011000001,0000000101011,001000101100,00001110,0011000100,00100011,00000011,100011,100010,01010,1011,000,00,10,
00011111001100110,0000000101011,1000
11000001111100,0100100,0000000101011,00110100011,00110100011,0011000100,0,1001,01000010,1000010,0011,1001,00,00,00000011,
01000000100000100100,011001,00110100011,00110000011,00110000011,0011000100,000010000,1000010,000100,000100,000,001000000100,00,1,
01000011100100,100000011101011,001000011100,00111100011,0011000100,000011000,100000110,11000101100,000100,1000000,001,00,1,
111010001011000,0000100010011,010001000001100,0001,0011000100,000111000,100100,0000000,100110,10010,1000010,001,00,0,0,
01000001100100,0000000101011,10,0011,00110000011,0011000100,0000100101011,00000011,1,00010,11010,00011,000,001,0,
110000001010,0001000101011,001111000111,0001111100,0011000100,11010,00000011,0000100,000100,00010,01010,1001,00,1,
001000000100101001,00010001001010,10000100,01000010,0101100,0011100,00000011,1000000,10011,00011,001000001100,000,000,110100,
010000
11000010000100,00010001001,000100,00110000011,00110000011,0011000100,00000011,00000011,0001,100010,0000000,000,00,1,
01000001100100,1000000111011,00110100011,01010,0011000100,0001,00000011,1100000,000000,00011,01,1011,00,0,
00110000011101000,0000000101011,001001001100000,10011,0011000100,100000,1100,10,10011,0011,00,111000000100101011,001,1,
010000100001001100100,0010,100010,0001111100,0011000100,0011000100,,00000011,0000000,11010,10010,1001,001,00,,0100100,0,
0010000001000100100011001100,001000101100,111100,0011,0011000100,000000,00000011,100100,100110,01010,001,00,00,
0100001111100,0000000110001,1000000,0100100,0000000101011,,10111100011,,00,00100011,1000010,111100,00000011,00,00,,1,
00000001100010,100010010000001000100100,001000000100,00111100011,0011000100,0011000100,00000011,0000000111001,1111,01010,000,0010000100,0,
01000001100100,0000100101011,101011,00110100011,00110000011,1000100100,000011000,10010,1100000,000100,00010,1001,1001,00,1,000000,
01011001100000,0001000101001,01100011000011000100,0010000100,00110100011,001100,0000000,001000110,00011,001000001100,000,00,1,
01000001111100,10,0000100,00,00110100011,0011000100,000011000,110010000010,001,,0000110001,0001,001,01000010,0,
11001100100,1111,00000011,001000111100,00110000011,0100100,1100100,00000011,0001111100,0000100101011,1011,001,00,1,
01001000100001,0000000101011,0011100,1100000,0010000100,01100,00000011,1000000,110011,10010,01010,000010000,0,0001100,
0101100011,0000100010011,0010000111001100,00110000001,0011000100,,,001100,00100011,1000010,,0000000110001,100010,,00,0,
010101100100,11,0000100101011,001000000100,0010000100,000010000,01110,00000011,110000,01110,10000011,000,0,0,
0101000100111001000010,001000011100,000011000,0010000100,00110100011,000111000,1100100,1100000,00011,00000011,1001,00,0,
1110100010,01000010,001000011100,00110100011,100110,001000001100,10,1010,0000100101011,10011,00100011,01010,000,1000010,00110100011,00100011,
01000010100010,00110000011,1000000111001,011,0010,0000100010011,10000011,000011001,0011000100,0001111100,00,1001,001,00000011000,
01000001111100,0000000110001,001000011100,00100011,000010000,00110000011,11010,1100100,100100,00010,1001,001,00,001100,
0100000101100100,1000000110011000100,00100,0010000100,0011000100,,00000011,00000011,00110,000100,00010,01010,1001,00,
1000010100001111100,0000100010011,0010010011001100100,01100,0011000100,10000011,1,011,,01110,001011,001,0,0000000110001,
10000100100110,000010001101,1001,00111001100,000010000,00110100011,00000011,00000011,0001111100,00010,1001,1001,00,0,
01011001100000,111100,0000100000011000101011,00110100011,0011000100,000111000,00000011,100100,100010,00010,1011,0001,00,1,000100,
01000001011000,00101000010,001000000100,10111000011,0011000100,000011001,100010,1100000,000000,1001,1001,00110,00,10,
010110000100000001,00000001110011,00110000011,1,
01000001011100,0000100101011,00101110010001000010,0011000100,0011000100,000100,1011,1000000,00011,11010,0000100101011,1001,00,0,
01010001011100,00100100011,00100011000010001100,000010000,0011000100,00000011,0010000111000000000,10010,000,00,00,00100011,
00100100010,0000000110001,1010,11010,00110000011,0011000100,000011000,0011000100,1100000,00100011,11010100,00011,00110000011,00,
1000101100110,0000100101011,001000001100,011011000000100,0011000100,00110100011,100110,00110,10010,000100,00100,1001,00,1,
10000001011000,01,001000011100,0011100,,0011,0001,000010000,0011000100,100110,000111000,1001,0011,00,1,0,
0101100001000011100,1100000,0000,00100011110,00110000011,10010,0011000100,00000011,00001000000,000110,00110,1001,000111000,00,010,
01001000110,0000100010011,101,011,0011000100,0011000100,000011000,1000000,1000000,000100,11010,1001,1001,,0,000010000,
1000000001111100,1000000110000000,10000001100011,11010,1100,000011000,00000011,10010001,000111000,10000011,0,001,001,
0100001010010000111001,001000011100,001000011100,101011,0010000100,001100000111100,01,1010,000111000,
01011001100000,0001100,0000100,00100,10111000011,
0100100000011001000000,0000000101011,001001001100000010000,10111000011,0011000100,0000110000,00110000001,1000010,00010000100010,00110,000,00,0000000,
010110011001100100,01000010,110011,00110000001,0011100,0011000100,000111001,00000011,01100,11010,001000001100,000100010,00,0,0010000100,
10011000000001100100,01110011,001000000100,00111000010,0011000100,000010000,00000011,0000111100,001000101100,001,00010,00,0,
11001010111100100,000110000110000011,001000000100,10111100011,0011000100,000011001,10000011,100100,100110,1000100100,000011001,0000000,0001100,0011000100,1,
000000011001000,0000100010011,100,,00110100011,0011000100,01,00000011,0000000,001000101100,00010,1001,00011,00,0,
000100011000110011000,10010,00110000001,10111000011,0011000100,11010,1000010,1100000,00,
100000010101111,0001100,101011,1111,00110000011,0011000100,10000011,00000011,00000011,100000011,1100000,1001,0000,1000,
100001111100,0000000110001,001000011100,010,00110000001,000010000,00100011,110,00100011,00011,001,0011100,001,011,0,0,
0110000001100100,10000011,1000000,110100,0011000100,000010000,1100100,00000011,00000011,,00011,1011,000,00,0,
1100011,1000001001,0000100001100111110,10000001100010,000111000,000010000,1000010,1000010,100010,1001,00,0,
11000010010,
010000000110,00,000100,01100,10111000011,0011000100,000111000,00000011,1000000,1000010,1000010,00011,000,00,1,
0011000100,001,,100011,1000010,0,00110100011,,,,,1100,110100,,00010,0000100101011,1001,00,,
11000010000001000001111100,0001000101011,0010,00110100011,0011000100,00110000001,00000011,1100000,000,10010,1011,000,00,1,
01000001100100,000100010,000100010111100,10111000011,0011000100,101,000011001,1100000,110100,00011,1001,000,00,0,
01100011,0011000100,001000011100,0010000100,0010000100,0011000100,000011001,1100100,100100,1000000,01000010,000,001,00,0,
1000000010000100,1001000000100010011,00010001000110,00110000001,0011110001100,001011,0000000,10000000001110000000000,
010100010010,0000100101011,011111100,00110000001,0011000100,0,00000011,,0001100,100000,00010,100010,001,,00,,0,001000111,000010000,000010000,0011000100,0,1001,000000,,100011,,110,0100100,1000000,1,1001000000011,101,101011,10,00011,
000100111000100100,0000100101011,100010,,00111100011,0011000100,,000011000,0000000,1000000,000100,00010,10010,000,00,,
010000100011000000110111100011,0000100101011,001011101011,00110000011,0011000100,000111000,00000011,0000000,100010,000100,1,101,00,1,
010000101100000,0000100010011,001000011100,11000,00110000011,0011100,00111100011,1001,01000010,10011,01010,1001,0001,00,1,,0,
010000010110,0000100010011,001001000100,00110100011,0011000100,000011000,00000011,01100100,000000,001000000100,1001,000,00,0,
1100001100000011100100,100010010001,001000000100,00110000011,0011000100,000111000,0000,1000000110000,00010,00110,11010,00,0,
01000001011100,000100010,001000101100,01010,0011000100,0011000100,000100,00000011,1000010,00,,0000,000,00,0,
11100100,00100011,000100010,10011,10111000011,0011000100,000011001,000010000,1100000,01000010,00111100011,0000,001,00,000,
111010010010011,0000000101011,001000101100,0011100111100,00110000011,0000,0010000100,0010001100110,1000010,11010,00011,1001,001,001,
01111001100100,00010001000,11,00111100011,10111100011,001000000100,00000011,00000011,110100,11010,000,001,1001,0,
010110,0000100010011,001001000100,00110100011,0011000100,000011000,00000011,11010,100110,11010,1011,000,00,0,
01001000100,1110,0000100,00110100011,0001,1110,0011,00000011,1100000,000100,11000,1001,00,000010000,0,
01000001100110111000011,100010010001100110100011,0111100,0011000100,000011000,
1100001010100001,10000100,0011000001100001100000,0011000100,000111000,00000011,10000001,000000,000011001,1001,1001,0000000101011,00,0,
001100100011,0000100010011,00001000001100,00110100011,10000011,000,00000011,1000000,100010,10010,1001,001,00,0,
10000100110001011101,001000011100,00110100011,10111000011,000010000,001000001100,1100100,100011,110100,1001,000,101,00,
01000011100010,1000,00100,0010110001111100,000010000,000111000,00010,1000000,101,000100,1001,1001,00,0,
101,00110,0000000101011,001001000100001010000100,0011000100,0011000100,000100,00000011,00000011,000011001,000000,01010,00000,0,
10000001000000,010,001000011100,00,110011,000010000,00100011,1100100,100100,100110,0000100101011,000,
01001001101000000000101011,0000100010011,00001100100100000010000,0011000100,000010000,000011000,1000010,10000100,000100,00010,1001,001,00,1,
110,1010,01100,01100001000101100,00111100011,00110000011,,,001,100100,0001,00011,00011,0011100,00,1,0,
01000001111100,0000000110001,001000011100,00110100011,00111000011,0010,0011000100,00000011,0001111100,,0010,0001,000,00,11100,
01000010110011,100000011100011,1000100100111100,00110000011,000010000,1100100,000010000,0000100,001000011100,00011,000,000,00,01110,
0100001010100,0000100101011,00001000100111100,011001100,0011000100,000011000,000011000,0010,1000010,00010,000111000,1001,00,1,0,
101011100100110010,0000,0010,0010000100,1100000,1001,00000011,1100000,00011,001,000,000,00,
01000010001100001110001010,0000000111001,0000110011100,00110000011,000011000,00000011,100100,100110,000100,00001001011,00010,101,00,
100001000001111100,0000000110001,001000011100,00110100011,0010000100,0000000110001,00111100011,00000011,0001,100110,1001,000,00,0,000000,
011110001,0000100101011,011101,000010000,0011000100,,,,00000011,1100,10,,000,001,00,10,
01111000000100101011,0000100101011,101000,0010000100,0010000100,10111100011,000010000,1000000,000100,1001,000,00,0,
010010010001011100,0000100010011,0100100,00110000011,000010000,0011000100,00000011,00000011,001001001100,00,1011,001,00,100011,
010110100000000110001,0000100010011,001000011100,001000000100,0011000100,0011000100,000111001,00000011,110000,,
010110011000,0000000110001,,00100100,00111001110,,00100011,00000011,0011000100,1000010,1111,1000,000,00,0,
01000001111100,0000000110001,000010011010,00110100011,10111000011,000010000,000010000,00000011,00111100011,,1001,000,00,00,
0101000100010,00001001011,001000000100,0010000100,0011000100,000010000,00000011,00100011,1000000,00111100011,000,001,0,0011100,
0100000101100100,0000100010011,001000011100,00110000001,01100100,0011000100,00000011000010000,110011,100110,00010,011,000000,00,0,
11001101010011,00011001100000,001000100100,0011000100,000111000,000111001,1100100,1000000,000100,00010,00011,001,00,1010,
011110000,0,01100100010,101011,0011000100,0011000100,1100100,0100,010,00110,01100100,000,00,1,
11001100000111001,0001100,00100000010001100100100,1111,0011000100,000011001,00000011,,00011,00011,001,01010,00,1000100100,
11000001111100,0000000110001,100100,00110100011,0010000100,0001,000010000,1100100,100100,000000,001,000,000,00,0,
0111100110,00111100011,0010010001000,0011000100,0000000110001,0010,00000011,001000011100,001,00011,10,001,000,00,
100011100001000011100,10000001100,00110000011,1100,0011000100,0000100101011,0000001100,1000000,100000,0100,1101000100100,,00,1,
01000001111100,0000000110001,001000011100,10,0010000100,000010000100100,00000011,00000011,0100100,000,100011,1001,00000,0000100101011,
01011001100100,10001001001000100100,001000100100,00111100011,0011000100,00000011,00000011,00001001110,11010,1000,101,00,0,
0100001100000111100100,,1111000010111010,10111000011,0011000100,001000001100,00000011,0000000,000000,0011100,000,000,00,111100,
01000001100100,0000000101011,001000000100,00110000001,10111000011,100100,10000011,00000011,0011,1000010,
01000001111100,101,0000000,00110100011,110100,000010000,00010,00000011,100100,10000100,00000011,1011,001,00,1,
000100000000000101011,0000100101011,1100000,01100110,0011000100000010000,01100,00000011,100000000,11010,01010,000111000,001,00110,000010000,10,0100,100000,10000011,001000101100,0,10010,0000100,,100011,10000100,0011000100,101,00100110,0000100,00100011,
11000001111100,0000000110001,001000011100,000100,0010000100,00100011,00100011,1100100,0100,000100,1001,00110000011,001,0,
010000000010,0001100101011,10111100011,001111000111,101,000010000,01110,
01010001011100,0000100010011,101,10011,0011000100,1011,000111001,0000000,100010,000100,101011,000,00,,1,1,
1000010000100011,00011000000000101011,00100011,00110100011,0000,00011,110,0011000100,000,1001,1001,000001,001,00,
01000010101001,0000000101011,001001001010,001000001100,001000001100,011,10000011,1000110,1000010,
0100100110100,000010010111011,00110100011,00111001100000,0011000100,0011000100,00000011,00000011,1000010,110011,10111000011,1001,00,001,
101,0000000110001,0000100010011,00110000011,1110,0011000100,0011000100,,1100,000011000,001000101100,100100,0000100101011,000,00,0,
01011001000001110010001001,001000101100,011,0011000100,0011000100,000111001,0000000,00000011,00,11010,0001,1001,00,1,
11000001,0000000110001,001000011100,00110100011,0010000100,000010000,001,00000011,10000100,000100,01010,1000100100,000,00,0,
01011001100000,0000000110001,0001000100,0110,0011000100,1001,000000110000000110001,00000011,000100,000000,1001,001,00,011,1,
001000000100001011101010,110,00110100011,0010000100,0011000100,000010000,1100100,0011,000100,00011,000,001,00,0,
01000001100100,0010,001000101100,001000000100,00110100011,000010000,,1100100,00100011,100110,01,1001,001,00,,000011000,
01010001011100,0000100010011,10000011,100100
010110000100100001000001100,11,001000101100,00110000001,000011000,0001111100,100000011,1000010,000011001110100,01010,101,000,1001,0001100,
,0011001010,00110000001,,0000000110001,0011000100,,,,,,0,
10000100100110,00001001001,001000011100,0011000100,0011000100,000011000,0001,000010000,00000011,,0000000,001,001,00,00000011,
00100000010000111000,0000100,100,10111100011,00110000011,0011000100,10000011,00000011,00000011,000000,000000,00011,1001,00,00,0,
11000001100110,0000100010011,0000100101011,1010,00110000011,100000,10000011,1000010,00000011,000100,00011,00110,000,00,1,
00001000001,0000100010011,001000011100,001000111100000110000,0011000100,10000011,00011,110001000010,00011,10000100,001,001,1100,
0100101100010001,00001011000,100110,0011000100,0000,00000011,10,100110,00111100011,10010011000100,000,101,00,0,
11000001111100,1000100100,001000011100,00110100011,00111100011,000010000,1001,00000011,10111100011,000011001,000100,1001,001,00,1,
11000001111100,0000000110001,001000011100,0010000100,00110000001,000010000,00100011,1100100,0000000110001,01000010,1001,000,,000,00,0,
01010001100100,0000100010011,00110100011,01110100,00110,000111000,00000011,100100,110100,01010,11000,001,00,1,
00100011110101010,00001001011100,1000100,0011000100,000011001,00000011,110010,01010,10011,1000000,00,0,1010,
1000010,0001100,110011,10,0000000,10111000011,000011000,000011001,00000011,0000000,000100,00010,1001,1001,,
010000111000011000100,000100,001011,10111100011,001000101100,0011000100,0011000100,00000011,000010000,10010,1011,001,00,1,0,
1110100010100010,010,010000100101011,001000001100,00110000011,,000111001,00000011,101,0000000,0000100,01100100,1001,000,00011,1,
0100001110,000110010000011,100000011011,0011000100,0011000100,000011000,00000011,10011,000100,00010,1001,1001,00,1,
0100001010100100,0000100010011,00011001100000,100000,0010000100,000111000,0000,1000000,000100,00011,1011,000,1001,0,
110011,0000000110001,0001100,00100100,001000000100,001000101100,00,000111001,000011000,1100,100000011,00010,01100100,1001,001,00,0,
1101001100100,00110000011,000,011011001100,0011000100,10000011,1,1000000,00110100011,00011,1001,000,101011,00,0,
,010,00010001010010,1111,110011,,0011000100,000011000,00000011,100100,110,10010,1001,00,00,11100,0,0100,001000000100,00111100011,000010000,0000000,0,00100011,001000011100,,10,100100,0011000100,000000,1000100100,0011000100,00011000010000,000100,
11000010101010,0000100011000000100,000,00110000011,0011000100,0001111100,1000,1000010,000100,000,001000011100,1,1100100,0110,
01000001100100,0000000101011,0001000100000000,00110100011,0011000100,000111001,00000011,1001101100,000100,00010,00110,1001,00,100100000011000,
1110100010010,0000100101011,1100,00110000011,10111000011,,0,,,0000000,110011,00,1001,001,00,0,
110000110000001011001100,00110000011,00110100011,100100,1110,00100011,1100100,100100,100110,01010,0001,000,00,1,100,
0101100110000000000011,0010,1010,0011100011,0011000100,01,10000011,0100100,1000010,000100,01010,000,00,1,
,0010011000,0000100010011,1111,0100,00111100011,0011000100,10000011,000011000,,1000010,0000100101011,1001,000,000,100000011,
11000001111100,0000000110001,0000100,001000110,0001000100011000100,100000011,1100100,100100,000000,11010,10011,001,
11000001111100,0000000110001,1000000,1111,00110100011,0011000100,,,,,,1100,000100110011,1011,00,00,0,
01000010101000,0000100101011,0010010011001100,0011000100,10111000011,11,0000,11001000010,000100,0000100101011,000,000,00,0,
000110000011000000100101011,0000110011001,00110,00110000011,0011000100,1100100,,0000000111000,000111000,000,00,0,00011,
110000110010,1000000111011,101011,00111100011,0011000100,0011000100,00000011,1000010,000011000,00010,0001,0001111100,00,0,
01011001100000,0001000101001,001000101100,00010,0011100,0011000100,000011001,00000011,110000,00011,100100,001,00,1,
110010011001000010,1000,001110011010,0011100,0011000100,000011001,000010000,1100000,100000011,01010,000110011,000,00,0,0,
01000001000111100011,1000000111011,001000101100,10111000011,00110000011,000011000,00000011,0100,100110,1001,000,000,00,00000011,
010100110,00,0000000111001,0011100100,0011000100,01110,000010000,0100,1000000,00010,0001,000,00,1,
0100011,0001100000000011000110000100,0000100,10111000011,0000110000,000111000,00000011,0000000,0100,000111,000111000,00,0,
110000,001000101100,00001001110,000010000,00110000011,0011000100,000011000,1000000,1100000,000100,000,000,1001,00,
0100001110000001001011,000010001001001000010,100000011,0010000100,00110000011,00000011,0000000,000000,011,1001,000,00,0,11100,
01000011100100,0000100010011,01100110,01,0011000100,000111000,00000011,111100,10000011,00011,001,1011,00,0,
001000010000011100111000,0000100010011,110000000110001,00111100011,0011000100,000011000,00000011,001000011100,11100,10111100011,000,000,001000001100,1,
110000100100100,0011,10100100001111000111,0011000100,000011000,1111,100110,00011,01010,01010,0001,00,1,
011,0000100010011,0000100101011,,1100,00,0011000100,,,0,,0,,10010,1011,001,00,0,
110000011111001010,0000000101011,00,10000011,1100100,0000000110001,0011000100,000011000,1,
0101000101100100,0010001100,001000011100,10111000011,001,0011000100,00000011,00100011,000100,10010,000,000,00,0,
0001011100000000,0000000,1100000,1100,0011000100,1100,00011001011,0000000,00000100,000000,00,0,,0,
0101100000000100101011,1000010,00110100011,00110100011,0011000100,11,00000011,1100000,110,000111000,1011,000,00,
01000001100100,1000,00101100,00010,000010000,0000,00000011,100100110,100,100110,1111,000,00,1,
00010001100110,10010,0000110011100,011,00000011,00,00000011,
01000010010,010
0100001110001100100,110100,00110000011,001000000100,10111000011,0011000100,1011,00000011,1100,11010,001,01,1001,00,1,
010000010000011,0000000101011,001000101100,00111000010111011,0011000100,000011000,10011,01000010,000100,00010,1001,1001,001,00,0,
0100001100000111,000000,,00100,001000001100,000010000,000011000,00000011,100011,1000010,01010,1001,000,0,00110000001,
10011010001100100,0001000101011,00100011110,0011000100,0011000100,10000011,00000011,110000,000100,00110,001000101100,0,001000000100,
100100100010,0000100010011,001000011100,00110100011,00110100011,0010000100,00000011,00000011,100011,100110,10010,1001,001,00,0,
110011001100100,0000000101011,1011,00110000001,00111100011,0011000100,000011001,00000011,1100000,100000011,110,00110,1001,00,0,1,
01000010100010
1100111100110,,0000100011000100,00110000011,0,0000100000011000100,0000,110000,00011,000,0001,00,0,
010000101010,0000100101011,0000100010011001000001100,1100,0011000100,0000000110001,10011,1000000,010,000100,100010,00,00,1010,
010000011100011,1000100100011,00100,00110100011,0011000100,0011000100,,00000011,
01000010101000,10001001001000100100101001000100,00110000011,10010,0011000100,00000011,00000011,100000,00010,00011,001,001,00,00110100011,
010010010001100100,0011,001001001100,1000,0011000100,10000011,01100,,100110110,
01000010000011100,0001,10111000011,1011,01100,00110000011,01100100,0111000000011,00011,000111000,1001,000,00,000100010,
01000001100100,1000000111011,00100,100110,0011000100,100110,000111001,111100,100110,0001,1000010,101,00,0,
000100001010,001000101100,0000000101011,,00110000001,0011000100,1,00000011,100011,100110,000011000,01100,001,00,0,
0100100010,0000100101011,001000011100,011,000000,0011000100,00100,00000011,1100000,1000010,1001,1001000100010,1001,00,1,000111001,
000100010101100111001101000,001000011100,0110,000010000,0001,00000011,1000000,10011,00011,0001,000,001000000100,0,
000100001000001100000010000,001000000100,100010,00110000001,00111100011,0011000100,000011000,00000011,10111100011,11010,000111001,00011,00,000,00,1111,
1100001010100001000100010100100,1000000111001,00110000011,0011000100,1001,00000011,00000011,000100,0100,1001,0001,001,00,
11000001111100,0000000110001,001000011100,00110100011,0010000100,000010000,00100011,00000011,00000011,1000010,1001,00111100011,00,00,1100100,00110100011,,
010100011100010,100010010000010,00100,00110100011,0011000100,0011000100,0000,0000000,100010,0011,00000011,01110,00,1,
10001110001100,000111001,001000101100,0101100,0011000100,0011000100,,000,01100,10,000111000,0001,00,0,0,
0010001011001010011000010000100,0000101011,10,0000000101011,0011000100,000011000,00000011,0100,000100,00010,1001,011,00,1,
00000011000100110,0000100101011,1100000,011,000011000,00110000011,10000011,10111100011,000011001,100000,10111100011,001000011100,001,000,00,0,
01010001100100,100100001000101100,10011,000,0011000100,000111001,00000011,001000101100,100110,1001,1001,00,0,00110000010000,000,000111001,10011,0000100,000100010,
0100001110011000,0000100010011,001000011100,0100100,0011000100,000011000,1111,00000011,1100,100000,00010,001011,01010,00,1,1010,
01000011100001000000100,0010001011000,01000010,100011,0000,0001,1011,1100000,000000,01000010,000,110011,000,0011100,
01000011100100,1000000111011,001000101100110,00100011,0011000100,10000011,00000011,1,000100,
010110000101100,1000100100011,0000000110001,011,0011000100,1,000010000,100110,10011,,
00010010000,00,,00110000011,00111100011,0011000100,0011000100,00000011,000100,110100,0101100,001,01,00,1,
1001000010000001000100,0000000101011,01100110001100100,0011000100,000011000,00000011,1000010,00110000001,000100,0001,0001,1001,00,1,
10000100100110,01100100,001000011100,01110,10000010,00110000011,10000011,001000101100,1100,01000010,1001,000,00,000100010,
1101000010,0001000101011,00100,0010000100,000010000100100,0001,1110,01100,00011,000,000,0001111100,0,
010110001111100,0010010010010,00110,0011100
11000001111100,0000000110001,001000011100,00110100011,0010000100,000010000,00000011,1100100,100100,000100,000100,1001,00,0,0,
010000101101,0000000101011,0010110011000010000100,0011000100,000010000,1100100,,1100000,000100,0000100101011,1001,110011,00,1,
00000001100110,00000011,001001000100,10111000011,0011000100,00110100011,00000011,0000000,110100,000,0010,000,00,0,
0000000110001110010,001000011100,0000000101011,00110000001,0011000100,110011,00000011,1,110100,
000100100110,010,,000011000,00110100011,000010000,0011000100,00000011,1000010,0000000,00011,1001,001,00,0,
01000011100111100,000100,0011000100,10111100011,00110000011,000011000,1100,00000011,,1000010,000000,10111100011,000,00,1,
0011000000110101110000011,1000100100110,00100011110,00110000011,10010,000111000,01100,0000110011,00110000011,00,000,00,
100010100010,10000001101,00100100,101110000111100,1111,01,0010000100,1000000,000100,000000,1001,101,00,001000000100,
01000001011000,0000100010011,001001000000000,00111100011,00110000011,10111000011,00000011,1000000,01100100,001,10111,01000010,001,00,0,
0101000101010,1000010,001000011100,0111,00110000011,0011000100,000010000,100011,110100,11,1001,000,00,0,
000100101010,00001000100111,00110100011,00110100011,0011000100,000111001,00110,1000,00011,00011,001000011100,000,00,011,0011000100,
001000101100110011,000010001010,001000101100,00110000001,0011000100,001011,101011,00000011,001000011100,000100,11010,10010,000,00,0000000,
01010001011000,0000100010011,001001000100,0011100011,0011000100,000011000,000011000,00000011,001000101100,01110,1001,1001,00,1,
110000011111001100100,0001100101011,001000000100,00110000011,0011000100,,1,1100000,0000100110,10010,0000000,000,00,1,
0100111100000010000,10001001001011,110,0010000100,0011000100,000111001000010000,0000000,1000000,00011,0000100,1001,1001,00,1,
11000001111100,0000000110001,001000011100,00110000011,0100100,000010000,00100011,1100100,100100,00010,1001,000,00,0,
11101000101100100,0010000100,011001100,00110100011,0011000100,,,1,100100,1000010,1001,100011,000100,,00,0000000110001,1,
01000011100100,1111,10010,00010,011,0011000100,0011000100,00000011,1,,110,1001,0001,00,,0,
0101100
0100011001100100,0000100010011,1100000,0011,0011000100,10000011,1000100100,01110,0100100,000100,0000000101011,1001,1001,00001,
000100011001100100,0000100101011,1000,00110000001,0011000100,0011000100,000000,0000001110,110100,00011,0000,1001,100100,0,1000100100,
0011010001100011100000110,01110,001001000100,10111100011,00110000011,1,0000100,1000000,100110,1001,1001,000,1000000,0,
100000011010,0000000110001,000010,01000010,00110100011,00000011,1110,0000000,10000100,000100,10011,1001,000,00,1,0,
1000010001001110,0000100010011,001000011100,001000101100,00110100011,0011000100,0011000100,00000011,,000100,001011,1011,10000011,00,0,
01000010100001111100,0000100101011,00101100000,00110000011,00110000011,0011000100,00000011,100011,11010,01010,001,000,00,0,0,
10001011000,0000100010011,000100,010,00111100011,0011000100,,001000101100,1100,10,00011,1011,000,00,0,000010000,1100000,00110100011,00100011,0011100,00000011,000000,000,000,00011,1100000,100110,
010000111000011,00000000100,100011,0010000100,00100,101,000,1110,000100,11010,000,000,00,1,
01010001011011010,10111000011,0000100101011,100100,000111000,000100,00000011,1100000,110,1001,0011100,000,00,
01000001100100,0000000101011,1001,001011,0101100,0010,000010000,00000011,0010,00110100011,00011,0001,1001,00,
010000110000001,10001001001100,00001001000010,00110100011,0011000100,000111000,00000011,001000101100,00,10010,01010,00,0001100,0,
01000001111100,0000000110001,100110,00100011,00110000011,0011000100,000011000,1100100,,1000000,000100,11,10000011,1001,00,1,11100,
11001001000,00010001000000,1000000,10111000011,000010000,00110100011,00000011,11000,000100,1011,000,000100,001,
11000010001000101100,0000100101011,0010,0111100,0011000100,000011000,00000011,100011,0101100,00010,1011,000,00,000100,
111000011100,010,0100100,00111000011,0011000100,,00000011,0000000,00000011,000100,1000010,1001,1001,00,000100010,1,
0001110000100,0001000101001,0010,00110000011,001000001100,000111000,00000011,1000000,110100,110,000,000,00,0,
11000011000100,0000000101011,001000011100,00110100011,0010000100,0011000100,000111001,,00000011,110000,1,000,000,00,0,
0100100101011,1000000,11000,0011,0010,0000000,00000011,0000000,011000000000,11010,1001,001,00,0,
10000100100100001,0000100101011,001000101100,0001,0101100,0011000100,110011,00000011,01110,100000,00011,00011,1100000,00,1100100,
0101101100100,00010001000110000001,11010,0000100010011,10,00100011,10011,111100,000000,11010,000010000,000,00,0,
0001000110010000100,01010,000011000101011,00110000011,0011000100,000111000,00000011,,000000000,10010,1011,0001,00,0,
01000010100010,0001000101001,1001,10010,00110000011,0,000011000,000011000,1100000,000100,00011,1001,001,00,,0,
1000100000000000010000,0000100101011,110000,00111001100,0011000100,000011000,00000011,110000,10010,0001,101,00,01110,
0111011001100100,1001,0010000100,1010,0010000100,0011000100,000011000,00000011,1100000,000000,01010,000111000,1001,00,1000,
01011001100000,0001000101,0001100,00110000001,0011000100,0011000100,10000011,1001,0000000000011000,0000000110001,1011,101,00,0,
10000100100110,00010,0000100,1000000,00110100011,00110000011,1001,10111100011,1000000,10111100011,1001,00000011,0000000100100,00,1,001100,
010000000010,000100010,001000101100,1100000,01100100,000111000,100010,001000101100,1000000,000100,00010,1000100100,10010,100010,00100011,
100000000,0000000110001,0000100,001000000100,1010,0011000100,,,0000001110,00000011,000100,0000100010011,1001,1001,00,
01000001111100,10,001000011100,00110100011,00110100011,000010000,
010010010011001,0000100010011,001000011100,011001100,0011000100,000011000,00000011,1100000,10011,00011,00111100011,00101,0010000000,
00000001100000111001,0000100101011,0000100110011,000100010,0011000100,000111001,0010000100,1000000,000,00011,00110,100000011,00100,1,
000000000100000000101011,1100000,0011000100,1011,000011000,000010000,000011001,00000011,100000,000100,01,1001,10010,00,
01000001100100,0000000101011,01010,00110000001,00111100011,000011000,100010,10011,0000,100000,00010,0100,001000001100,00,1,
11000111100100,11,001001001100,00110000001,0011000100,00110000011,00110000011,1000000,000100,000100,1,00,00,11100,
000100,001000001100,00100011100,0010001101010000011000,0000000110001,0011000100,000010000,1000010,1000010,00111100011,000,000010000,100000011,0,0,
001000011100110011,0000000110001,0000100,10111100011,0010000100,0011000100,
110000100100100,100011,0011110001100110000011,00111100011,0011000100,000111000,00000011,10,00000011,1000010,1011,000,00,1,
000000011001000,0001100011,01010,0001100,0011000100,000111000,00000011,1000000,10011,00110,1001,001,00,0,
01001000010000111001,0001100100011,111100,00110000011,0011000100,00000011,00000011,0011,0001,000100,000,000,0001,100010,
000011000110,1000100100,00001001011101011,10111000011,00110000011,00100011,000010000,00100011,000,00110100011,000,000000111000,00,101,
001101000111010010,0010001100101011,01011001100,0011000100,000100,000010000,0000000,100,01010,1001,001,00,0,
01000010100010,0000110011001,100,00110000001,0011000100000,000111000,1110,10000000001,00010,00110000001,001,00,0,0,
0101000101010,0000100010011,001000001100,001001011,0011000100,000011000,00000011,001000110,1000010,00110100011,1001,000,00,1,0,0010000100,0011100,1100000,0010,
10000100100110,011001000000000000101011,101011,00110100011,001100010000000011,000011001,01100100,1000000,000100,00011,1001,001,00,1000111001,
0100001000111100011110,100000011100010,1010,00110100011,0011000100,000011000,00000011,100000,000100,0001111100,10111000,100000,000,1,0,
01010001100100,0010010010000100,0011000100,00110100011,0000100101011,0011000100,1100100,0,10011,111100,11010,00,00,
0100000000,1000,0,00110100011,0010000100,01100,00100011,1100100,1100000,00011,10011,1001,100101100,0,
1110100010000111001,0000100010011,100010,10111100011,,0011000100,000011000,11000,0001111100,000,0001111100,1011,000,00,0,0,
0000110000110000011,0000100101011,000,00110000001,10111000011,0011000100,10010,0000000,00000000000,100011,1011,000,00,0,
1000010010010110,0000100010011,00100100001011,100110,0011000100,000011000,00000011,00100011,100110,000100010,1001,000,00,001000101100,
010000100110001,10000011,100000011011,0000000101011,00010,000011001,1000010,0000000,000011001,00010,1001,1001,01010,1000010000011000,00100011,0100100,11010,000011000,101011,000100,100110,10011,,00110000011,,0010000100,11010,1,0010000100,10010010000100,01,11100,100,10000011,110,0101100,001000000100,1001,,0000000,
010000010011101100,00001000000111001,00110100011,000010000,00100100,110,1000000,100110,1001,000,000,00,
0101001,11100,0000100,000100010100,0011000100,101011,000011000,000000110,0001,00110000011,1001,000,00,0,
11100011000100,1000100100,1000010,00100,0010000100,0,000111001,00000011,1100000,10011,01010,000,001,00,101011,1000000,
10000001001000110,0010,011,,001000011100,000010000,1000100100,1100100,0001100,1000010,00011,1001,001,00,0,
01011001100000,10111100011,101,001000000100,01010,0011000100,1001,00000011000011001,1000000,
010011100000100101011,100010010011,0010001001000,0011000100,1100000,00000011,1000000,100110,00011,1001,000,00,11000,
01000010100010,0000000110001,0000000111001,11010,00110000011,000010000,000011000,0000100101011,0010000100,000100000011000,000,000,00,1,
000100,001000000100,1000000111011,001000101100,00110100011,000010000,00110100011,000010000,1000010,0010000011000,000000,1001,01110,00,0,1,
0101100001100000010100100,101011,001001000100,00100,0011000100,000011000,00110000011,001000101100,110100,00110100011,1011,001,0,1,
0101100001110011010,00011001000010,00110100011,0000100010011,0011000100,10111000011,00000011,100100,0000,10010,1001,000,00,1,
01000001111100,0000000110001,00110,0010000100,00110100011,0011000100,000010000,10000011,0011100,1011,1001,1010,001,00,0000000101011,
11000010101010,101,00100011
01011000000000110001,111100,001000011100,00110100011,0010000100,000010000,010101011,00000011,010,100000,00011,00110,000,00,11000,
10111100011000,0000100101011,1100000,001011111100,0011000100,000011001,000010000,1100000,010,000100,000,000,00,0,
1001,1100100,0100,000111001,,10,0,10111100011,00000011,,10111100011,00,
010001011001,000100010,,00100,00110000011,
0100100110,0000100101100000011,
01011001100000,101011,0000100,001000000100,110100,10111100011,001000001100,00000011,0000000,110,11010,1001,000,00,1,10,
11001111001100100,101,001011111100,001000101100,001000101100,0000100010011,1000100100,1100000,000000,1111,001,0000100,00,0,
0100001010110011,0000100010011,1111000011010001101100,0011000100,0011000100,0011000100,0000000,00000011,00011,00011,000011001,001,,00,
11000010001011000,000110010000011,00100011,100011,0011000100,0011000100,1100100,10,100110,11010,1011,00,0,001000000100,
01000011000,0000100,1000000110011000100,10111000011,0011000100,000011000,00000011,00000011,000100,000000,0,1001,00,1,
0111100110,1000100100110011,001000011100,00111000111011,000111000,00000011,00000011,0000100,00010,1001,000,00,0,
01000001011000,0000100101011,111100,00111000011,000010000,0011000100,,0000100101011,00000011,000,00010,1001,000,00,1,
000111110011100,000,0010000111001001001100,10111000011,0011000100,0011000100,00000011,,,000100,1011,0000000110001,00,0,00011,
11000001110010110001000010,001000011100,00100011100000011,00110000011,0011,000011000,00110,11000000100101011,01010,0001,0001100,001,0000100101011,
000100101,001000011100,001000011100,001000011100,0010,0011000100,000010000,10000011,000011001,000100,1000010,1001,00,0,
01011001100,,0101100,0001111100,0010000100,1000100100,100100,00000011,1100,00100011,1001,1001,001,00,011100,0,
01010001100100,1010011001100,10111100011,10111000011,0011000100,000111001,0000100101011,00000011,000100,00011,00,1001,00,0,0,
010110000001100100110000001,1001,0011,10111100011,0011000100,0011000100,,00000011,1000000,1000000,10010,00,000,00,1,
0101100100000011001110010,1001,0000000110001,0010000100,1000100100,000011000,00000011,10,000100,001000000100,1001,001,00,
01000001111100,0001000100,0010001011001,10111000011,0011000100,000010000,00000011,00100011,1000010,00011,1001,001,00,0,
110000010,0001100101011,000011001,101111000111,0011000100,101,00000011,1100000,100110,1001,1001,0001,00,0,
0111100000010000,0010000100,00101100,10111000011,000010000,100100,00000011,0100000100,0001000,0001100,000,00,0,
110000000011,01,00110000011,1110,1100100,0011000100,0001111100,000010000,,0000000,00110000011,000000,01010,1001,00,,
11000001111100,0000000110001,110100,01110,00110100011,000010000,000011001,110,100100,100110,1001,0001,0,00,0,
11000001111100,0000000110001,001000011100,00110100011,0010000100,01,10000100,1100100,0,00011,1001,1001,00,00,01,00110100011,1000100100,101111000110,00000011,011,0011000100,
01010000100110,1110,000111001,10111100011,110,0011000100,000111001,00000011,1100010,0000100101011,110,000,00,0,0,
0100001110000110000001,00000001010111,001000101100,100000,0011000100,000011000,0010000100,00000011,10,11000,0001,000,00,0,
11000001100100,0000100101100,10000001101100110,0011000100,01010,00000011,100010,100110,00011,001,001,00000011,1000,
01011001100000,1100100,001000011100,100,0010000100,000010000,0010,00000011,1100000,10111100011,1001,000,00,0,
000011000111010,1000100100011,00010001000,0011000100,000011000,000011001,00000011,1001000000000,
11101000000,10,0000
10011001100110,1000000111011,00110,00110000001,0000,00100011,00000011,00100011,0000100,1001,0,00000011,1,1,0,
100000111001010,1100000,1001,10111000011,100000011,1001,001000001100,00100011,00011,00011,01010,000,001,1,
0101100000,0000000101011,000010000110,01100110,0011000100,10000011,1100100,001000011100,10011,0000100101011,000,00,0,0,
10000100100110,00001001011
01000010100000100101011,1001,1110,1000,10111000011,000010000,0000,00000011,1000000,1000010,00011,1001,00111100011,00,000100,11000,
01001001101000,0000100010011,001001000100,00110000001,0011000100,1000010,01000010,100010,000000,100010,1011,000,00,100,
01001000011001001100,001000011100,001000011100,00110000011,0010000100,11,00000011,10000000,000100,000000,1001,001000001100,00,1,1,
1110011001100100,01010,00001000100110100100,00110100011,0011000100,10111100011,00000011,000,000000,00010,1001,000,0011100,1100000,01000010,
100011,001000000100,1100100000100,00100011110,00111100011,1000100100,000011001,00000011,000011001,000011000,00010,1001100,00,0,0000100101011,
0100001110011000,0000100010011,0010101000,00110000011,0011000100,0001110011011,1100000,000100,00011,00101100100100,1001,000,001,
010011000,00001001011011,00100,00111100011,0011000100,0011000100,000010000,1100000,000000,00010,1011,00,00,0,
110000000011,0000000,001000011100,0101100,0010000100,000010000,1100000,0001,00100011,000000,1001,100110,000100010,00,1000000,01110,
110000100011100000010010110000000001010111,0011100
01111001100100,0001111100,001000011100,,,,
0101000010,0000000101011,001000011100,101110000110100100,00110100011,0011000100,1100100,001000101100,001000101100,000000,00010,0001,1001,00,1,0,
010000001000010101011,11000,10010,001101000110100100,000010000,,00000011,0001100,00011,01010,11010,000,00,0000100010011,
01000010100010,1000000111001,00100100,00110000011,0010000100,000010000,00000011,001,110100,1001,000,000,00,00,
,011001100100,0000100010011,001000011100,11000,0011000100,00011,000111001,00000011,0010,000100,00010,1000100100,001,00,1,
00001001100000,0001000101001,0,1000,0011000100,000011000,00110100011,00000011,01100100,000100,00010,1001,1001,00,1100100,0000000101011,
010001000010001000000100,0010110000100000111110,10111000011,000010000,00100011,1100100,100100,00011,0000000101011,10111000011,001,00,100000011,
01001001011100001111100,1001,110011,0010000100,00110100011,0010000100,001001000100100,100100,00,00010,000011001,1000,0000000110001,0,
01000011100100,10000001100000011,0000000,01100,0011000100,000011000,000010000,01100100,1110,00011,0001,1010,00,
110001100100
01111001100100,1111,00101101110,0,0011000100,,000011000,,00100011,1000010,00011,1011,00010010,101,
01011
11000001111100,00100011,000000,00110100011,00110100011,0011000100,,000010000,000011000,10000100,01110,0,,00,0,0000000110001,
