00010001100100,1000000111101,001000011100,10111000011,0011000100,000010000,00100011,0000000,100010,00111,1001,000,00,0,
01010001101010,0000000110011,011000011100,00111000011,0011000100,000010000,00000011,1000000,000010,11010,1001,000,00,1,
01010001101000,0000100101001,011000001100,00110000011,0011000110,000011000,01100011,0000010,100010,01000,1001,001,00,0,
11010001101001,0000000011001,011000011100,00110000001,0011000110,000010000,10100011,0000010,100010,00011,1001,000,00,0,
10000001100110,1000100101111,001000001100,10111000011,0011000100,000011000,00000011,0000000,000110,00010,1001,001,00,0,
00010101100110,1000000101101,001000001100,10111000011,0011000100,000011001,00100011,0000000,000010,00101,0001,001,00,0,
01010011100000,0000000110001,011000101100,00110100011,0011000100,000011000,00000011,1100000,000000,11011,1001,000,00,1,
10000011100110,0000000111101,001000001100,00110000011,0011000100,000011000,00100011,1000010,000100,00011,1001,100,00,0,
11000001101010,0000000101011,011001001100,10110000011,0011000110,000011000,00000011,0000000,000010,00010,1001,001,00,1,
00000000100110,0001000101101,001000000100,00110000011,0011000110,000011101,00100011,0000010,000110,00111,0001,001,10,0,
00010101100110,0001100101101,001000000100,00110000001,0011000100,000011100,10100011,1000010,000010,00100,1001,001,00,0,
01111001101100,0000000111001,001000000100,10111100011,0011000100,000011000,00000011,0000000,000000,01011,1001,000,00,1,
01000001001100,0000100101011,001000001100,00110000001,0010000100,000011001,10000011,1100110,101100,01010,0001,001,00,0,
01110001101010,0000100010011,011000011100,00111000011,0011000100,000010000,00000011,1000000,000000,11010,1011,000,00,0,
00000000100110,1000000101111,001000001100,10111000111,0011000100,000011001,00000011,0000000,000100,00110,0001,001,10,1,
01100000100110,1000000101011,001000111100,00111000111,0010000100,000010000,00000011,1000100,000100,00010,1001,001,00,1,
00000001100110,0100110101011,001000001100,00110000001,0011000100,000011000,00000001,1000010,000110,01110,1001,101,00,0,
01100000111000,0000000110011,101001001100,00111100011,0011000100,000011000,00000011,1000000,000100,10010,1001,000,00,1,
00010101100110,0000100110101,001000000100,00111000011,0011000100,000011100,00100011,1000000,000010,00100,1101,100,00,0,
01100000111000,0000000110011,101001001100,10111100011,0011000100,000011000,00000011,0000000,000100,10010,1001,000,00,1,
01101100000111000,101111010,001000000100,0000,100010,0000000111001100,11010,0000010,00100,010,1001,000,10,1,
01010001101010,100110,00110000011,10111000011,,,,001100010000000011,0000000110011,1000010,000000,00000011,01000,1001,00,
00000000100110,100000,101001001100,11011,00110000001,0011000100,00010,00000011,000100,0000000,00000,0001,001,001,00,1,
0111000110010000100,1000000100000,,00100011,0011000100,10,000010000,00100011,00000011,00110000001,00011,101100,100010,00010,000,1,
011100011100000,0000000111001,001000000100,1000111,0011000110,1011,1011,0000010,,1001,00111,1001,10,,,1,1,
00000000100110,0001,001000000100,001000000100,00110000001,0010000100,110011,0010000100,1100011,000000011,10001100011100,001,001,1,1,
1010010011000000001010,10100100110010,,00000011,01,000011000,000010000,000011100,00101101,00010101100110,011,1,000,00,0,
1010001100110,101111,001000001100,00110000011,000001000111,000011001,000100,00000011,000100,00110,0001,100,1,1,
00111
0001110001010,101111,100110000101101,0011000100,0011000100,00100011,0000110011,0000010,01110,10000011,00,
00010101100110,0011000100,01011000011,,1001,0011000110,00000011,00,1000000,0000000,01011,00010010,00,1000111,0,
0100000,101,1101,01100,1011,00010,000011001,000011000,00000011,01010,,01010,001,10,00,0,
01100000100110,000000,001000000100,00110000001,0010000100,0011000100,0000000,,1000000,101101,01011,001,000,00,00,
01011010110000111000010110110111000111000101111000111000111,0010000100,000011100,000011000,00000011,010100011,010011010,011,11010,00,0,10011,
011110011101100,00000001100010001100111000111,0010000100,0011000100,000011000,0000,1100011,1000100,000010000,001,1001,00,000000,
00000000100110,1,
1011001001,0000100101011,0000000111001,00110000001,010100011,10010,10100011,0000010,00100,00111,1001000100,00,1101,0011,
01100000100110,100000000011,011101000100,10010,000000011,1000100,0000010,0000010,,11011,000000011,1001,01000,1,
01010001100000111010001010110001101100,00111000011,00111000011,000010000,010011010,000011000,000010,1001100,00111,1001,000,00,1,
10001010011100110,10000001110000001100100,10100011101100,001101,10111000011,00100011000011001,0011000110,0000000,001,001,00,0,
01100001110010000101101000000101011001100001001100111010110000011,0011000110,000011000,11,0011000100,000000,001000001100,00010,00,0,0,
00010101100110,101111,00010,01100,10111000011,0011000100,000011000,00000001,0000000,001,100110,1001,001,00,000000,0,
01110001101010,000000011,00110000001,0011000100,0001,000011000,0011000100,000010,000000,00000000000,1001,1001,00,100,101001001100,1,0,10111100011,,00110000011,
011001101101001101001010,001000001100,000010,000000011,011000011100,000011,010100011,0000000,00100000010001100,10,0001011,00,1,
110100110000001,00000000100110,011000011100,00111000011,000010000,1000000,10111000011,0000,000010,100010,01010,0001,000,10,1100,
00000000100110,0000000110011,10111000011,1011,0011000100,00000011,
000000011001101101100010010,10111000011,0010000100,,0011000110,000010000,00000011,,01100,,00111,00010,1000000,00,
00000000100110,100110,00100011,001000001100,11100,1000111,1011,000011001,110000000010011001000,,0001,0001,001,001000001100,1001,
01100000111000,0000000110011,101001001100,0,001100110,,0011000100,0000000,00000011,0000000,1001,000011,00,
000100011010110,001000001100,100110,100011,000011100,000010000,10100011,1000010,100010,00011,101,00,0,
0110001101000001011000000011100010000000001100001000001010,0011000110,0011000100,000011000,1100110,100010,01010,110011,10111100011,001,00,0,
01010001101010,0000000110011,011000011100,10111000011,0011000100,000011001,00100011,000010000,000010,00000,110011,1001,000,1,00010,
10000011100110,000010000,001000000100,000011000,00100,0011000110,00000011,00100011,000010,000000,1000000,0001,00,000000011,
01010001101010,11011,011000011100,0011000100,1000000,000011100,0000000,000011000,0000010,1100,000,1001,00,
0000011,00000000100101011,0010000001000011000100,101100,01010,10100011,00100011,000010,00011,1001,10,00,0,10010,
1101100110110001001110000011,0011000001111100,0011000100,0011000100,0000011,11000110,101100,00111,1001,000,00,0,
1110010011010,0000000110011,000000011,1011000001110111100011,000011100,00000011,1000010,0000000,00100,00111000011,01000,1001,00,0,
11000001101010,0000000101011,0010000011001001,10111100011,,0011000110,0011000110,11,0000000,110000011,00111000011,100,1,1,
11000001101010,0010000100,0000000,10111000011,1011000011001,000011000,00100,1001,1000000,
100000011,00000000000010,001000001100,0010000,0011000100,1000000,000011100,1000010,000010,000010,1001,1001,00,0,0,
0111000110000000110011000110000011100010011100,00110000001,00111000011,11010,00011,11100,1000000,1001,0100000,1001,1001,1001,1,1,1000000,10010,0000000111,001,,1,
011000000101110011,100110,011000011100,00101101,0011000011100,000010000,01100000,011000011100,00011,01000,000000,00,
00010101100110,0000010,000000,0000000110011,0011000100,0011000100,00000011,000000,1001,000100,1001,11011,00000,00,0,0,
0110101000000110000110000000111001,00101,10111100011,0011000100,00000011,000101011,10010,00100,1101,00000,001,00,00,
1100011000000111100110000010,000010010101101100,11010,100010,0000010,000000,0000000,000000,00111,000101011,1001,001,
011110011000110101010001101010,001000000100,101111000111000111,0011000100,00100011,011,00000011,0000010,000100,11011,00,0,1,1,
00000000100110,100000010,001000001100,10010,10,,000011001,1000100,0000000,000011100,00,00110,100,00,0,
110011,000010,001000001100,100010,000011000,10,0000000,0000000,0000000,000110,00011,00000011,001,00,
00000000100110,101111000110000011,001000000100,100000011,0011000100,000011001,1000010,
00010101100110,0001100101101,001000001100,00100011,00110000001,000011001,00101,0000000,0000010,000110,1001,001,001,0,10,
01111010,10111100100,100000011,00111000011,0000011,1011100010000110,1100110,1000111,00101,0,00,0,0,1,
00100011,000010,10000001001100,0010000,1011,0011000100,1000010,00000011,00011,1001100,000100,001,00,00,00,00000,
0101101000100,0000000110001,011000101101,00000,101,001000000100,001000000100,0001000000011000100,001,00,00,1,
11000001101010,101111,000011001,00010,1100,000011001,000011,1000000,10100011,1000010,01010,000,00,0000,010100011,
1100000111101,000001100000111000,01100,00110000001,01,000011001,0010000100,111000111,100010,00111,0001,00,01011,0,
00010101100110,1001101100,001000001100,101100000,01,1,000011000,
00010101100110,0000010,101001001100,,00110000001,0011000100,,0011000100,0000000,000,0000000,00110,0001,001,000,001,1,1,
0100000100011,0000000101011,10000011,0100000,10111100011,101101,10100011,110000,11011,01010,010111001,1001,00,1,
00010101100110,00101101,1,,1011000011001,0011000100,00000011,,1000000,0000011,11100,1001,1,000,
011000001001100,000000011,00001001010111101,000011000,000011000,000011000,00000011,0000000,0010000,100011,00,001000000100,
00000000100110,000111000111,001000001100,0010000,0011000100,000011001,00100011,0000000,000010,10000011,00111,0001,000,1,
110110001101010,00000010000100,100000011,110011,0,00000011,0011000100,0000000,000,0010000,1001,00,10010,0,
01010001101000,0000100101001,01100100,100011,1000111,000011000,00000011,01010,0000010,11,0001,00,00,0,
01111000001100000000010000110001000000100,10111100011,01100,100011,001000000100,1100011,000010,10111100011,00110000011,000,1001,00,0,0,
00000000100110,000001010001100100011,001000000100,00100,0011000100,000011001,000010000,00100011,000100,00011,10,1,011,00,0,
01100000000000101101,011000011100,00000000100110,01011,00110011000100,00000011,00000011,0000000,000000,00111,1011,000,00,0001,
01110001101010,0101110,00110000011,100011,0000000110011,00000011,000100,0000010,000110,01000,001,001,00,0,
00000000100110,00011100,001000001100,00110000001,0001,00101101,10100011,10100011,000010,1001,00011,10,00,0000000,0001,
01100000111000,0000000110011,101001001100,001000001100,0011000100,0011000110,00100011,0000000110011,1000000,000100,,0111000111,100,001,00,0,
00000001100110,10001100100,001000001100,011000011100,0011000100,0000000,000010000,11011,,000010,01010,1100,001,00,1,
100000110000000110011,0001100101101,001000000100,00110000011,0011000100,000011100,00100,1000000,10100011,00010101100110,11010,00000,000,0,0,
0110011101010,1000000101111110011011000111,0000011,0011000100,0000000,000100,0001,0001,00111000011,00111000011,1001,00,
01010001100000001101100000111000,001000001100,,11011,1100,0011000100,00000001,1101,00000011,01000,01100,000101100,00,0,1,
11000001101010,0000000110011,011000011100,00110000011101111,1000111,0011000100,00000011,0000000,1000000,000010,000010,100,00,0,
01010001101000,0000100101011,00000,00111000011,00111000011,00110000011,0000000001,0000,00010,011,100011,001,00,0001,
00100,00100011,01010,10111100011,011000011100,0011000100,00000011,0000000,0000000,000010,00011,11010,1001,000,00,0,
00000000100110,100000000110000011,001000001100,10111000111,0011000100,000011000,00100011,
0100000111101001100000110101110001000100000000000011,0011000100,00111000111,00100011,1000010,0000000,01100000,00110,001,0,0,
00001100001010,101111,0000011,1000000,0011000100,0011000101011001101011,10100011,000010,00101101,01010,,000110,101101,00,
00010101100110,000010010
00010101100110,100000011100,001000001100,000000,10111100011,000011001,00100011,0000000,000010,100011,101100,1,001,101100,1000000,
011100011001000001100,100000011010011010100110,00111,0011000100,0011000100,00100011,1000000,1000000,1000100,1001,1001,0001,00,
01100000111000,1001100,101001001100,001000000100,0011000100,000011000100110,00100011,10100011,000010,000110,0001,0001,001,00,
00010101100110,0000000110011,101001001100,10111100011,0011000100,0011000110,00000011,1101,010100011,000100,000000,10,100,1001,00,0,
0110001101001,1001101000011,011000011100,00110000001,0011000100,00100011,001,0000010,0000100101001,1101,1001,000
10000011100110,0000000110000000,001000000100100000,000011000,,000011000,011101100,0000010,100010,100000011,1001,1001,001,1,
00000000100110,10000000001101011,001000001100000,1100,000011,10100011,00000011,0000000,000000,101001001100,001,00,10111000011,00101,
00010101100110,000110011000100,00100011,01100,1001,000010000,10100011,0000000,00011,000000,0011000100,0,00,000101011,
00110000001,010100011,001000001100,10111000111,000010010,000011001000000100,00000011,101111,1101,100010,001,001,1100,
00000000100110,0001101101,001000001100,00110000001,0011000100,0010000100,10111000011,10010,000010,000011,0001,0001,001,00,
11011000110101010100110,10111100011101101011,00010,00000011,,1,0000010,0000010,000100,1001,1100,00,110,
00010101100110,100000010100110,001000001100,10111000011,0011000100,0010000,0000000,00100011,0000000,010011010,10111000011,011000011100,1011,0,
01000001001100,000010010,001000001100,101111,1100,101100,0010000100,10100011,000011100,01010,011000011100,000000,1,00,
11000110000000010101100110,00,0011010,00110000001,0011,000011000,0011000100,000010,00000011,01010,1001,00,0,
00110,1000000101111,000011001,00010,0011000100,11100,10100011,100,000010,1101000110,0001,000000,001,00,0,
000101011001100,0000100101011,001000001100,00110000011,0011000100,000011000,00100011,0101101,00100,00011,1001,0001,00,0,
00010101100110,1000000101111,001000001100,101,0011000100,0011000110,00100011,0000000,000010,1101,0001,001,
001100011000010000011,00000001100011,10111000011,0011000100,001000000100,00000011,00000011,000011000,00000011,101,101,,1001,,0000010,00111000011,
01100010,0000000110011000100101100,01000,1011000011,000011001,00000011,001000000100,000100,100110,1000100,000000,0111,
00000000100110,1,0000,001000000100,011000011100,000011000,01110,00100011,110000011,00001011,110000011,000000,00,00101,1,
01110001101010,0100000,001000000100,00110000011,00011,10111100011,001000000100,00000011,0000000,001100000111001,001,000,00,0,
011100011100010011,000011100,00110000001,10111100011,001101,00010101100110,000010000,000100,1000111,110000011,1011,00100110,00,
0111001100,00010101110111011011,01100,0010000100,000011000,0010000100,00000011,10010,01100000111000,00000,001,11011,00,0,
110011,1000100,101001001100001,10111000111,0000011,000011000,000010000,000100,000100,00110,10000011,1001,,001,,
100110101,0000101001001100,0000111001011,1011100,000011001,110000011,101001001100,01010,00100,1101,10111000011,100110011010,0,000010,
000000001001101101,00111000011,001000001100,000011100,0011000100,10011010,10100011,
0001000110000000110001,0,00100001000111,0011000100,001100010011100,00100,000010,00100,0001,0001,00,101111,0,
00000001100110,0111011011001,10111000011,0011000100,000011100,01100000111000,00110,0000000,0000011,010011010,1100011,00,
01010001101010,0000011,001000000100,00111000011,0011000100,000011001,10100011,00,1101,000010,00100,
00000000100110,100110,
01000001001100,0000100101011,001000001100,00110000001,0010000100,00001110000000011,1000010,000010,00100,01010,0001,101100,000,00,
0111000111010010011000,00110000001,011000011100,001,00111000111,0000000,00000011,000010,010,00110000001,1001,000011000,00,0,10100011,
11000001101010,000001100,,0101010,000011000,1000111,000010000,110001,101100,01010,0001,10111100011,00,
01000110,00000001101000,10111100110,101100,1001100,00110000011,1,000011001,11,00011,00000001100110,,,001,00,00,
01100000100110,100000000100000010000110001101001100,000101011,1000100,00110000001,000010000,0000010,00110000011,00011,001,001,10010010,1,1,1,1,00,,0000011,001,
011000000101,0000000111001,10111100011,01011,0011000100,001000000100,00100011,000010,00000011,10111100011,1001,001,00,0011000110,
00000000100110,000110000011,001000001100,001000000100,00110000001,000011001,10100011,00100011,000010,0000010,0001,01010,100000011,00,
00010101100110,1000010,000100,001,0011000100,10111100011,,,00111000011,1001,1000000,0000000110011,0001,11011,00,0,0,00000011,1,
00010101100110,000001100000111000,001,01100,0011000100,,0011000100,00100011,000010000,0000000,1101,0001,1100,00,0,0,
00100,000000010100011101111,001000000100,0011000000100000011,01100000111000,10100011,1000000,000010,100000,0101100100,1011,0000110,0,
00000001100110,011000011100,001000001100,00110000001,1011,00111000100,,0001,0000101001,101,001000001100,00110,000,110000011,00,1,001,
010101100100000,100000011011,01100,0011000100,0011000100,00000011,00000011,000100,00110000011,0011000110,001000000100,0000000110011,00,0,
00010101100110,1000000010011010,001000001100,10111000011,1001,10011,00100011,11,0000010,00111000011,0001,0100000,,10,00,0,
00100,1100111101,001000001100,011000011100,101111000110011000100,00110000001,0000000,0000000,000100,00011,1000000,00010,000,00,
01010011,101100,1000100,01100000111000,100000011,100,000011000,10100011,000010,10111000011,1001,1001,000,100000,000,
00010101100110,0000001,001000000100,10111000111,0000010,0011000100,00000011,1001,1000000,100010,1001,10011,
01010,1000000101101,001000000100,00110000001,0011000110,0011000011001,0011000100,0000010,1000000,1000100,000,101,00011,
110000011100000,11000111011,10111100011,0011000001101100,000011001,101001001100,0011,000010,1100,
00000001011111001,100000010001000001100,11,001000000100,00111000011,100110,0000100101000010,00001100000,000010000,000011,001,00,0,
00010101100110,0000100110101,001000000100,100,0011000100,000011001,1000010,00111000011,0000000,000010,101100,00,1,
10000011011000011100,0000000110011,101101,011000011100,0011000100,00110000011,000011000,01000,000010,000000011,00110,1001,1100011,001,00,01010,
10001111,000010000011,001000000100,00100011,0011000110,0011000110,00000000100110,00111000011,000011,011000011100,00000000100110,1001,000,00,1,
10000011100110,0000000111000010,001000001100,00100011000,0011000110,00100011,010100011,00101,1001100,00011,0000000,000011000,0,1,
011000000111000011,000000,00000,00110000011,0011000100,,000011000,10100011,1000010,,1000100,000,000011000,1001,,,000,,
110011,0000000110011,101001001100,01100,000000,1000111,00000011,00000001,0000010,100,00111000011,1001,00,00,
110000011000011000110000100101000111,0010000011001001,0010000100,0011000110,000011000,00000011,010100011,101001001100,11,000,00,00,011000011100,
00000000100110,0001000011000,10111100011,101111011,000011000,000011001,000010000,0001,0000000,101001001100,000,000110,10010,0,1,
01110001100111100110,00110000001,00010,1000010,00111000111,0000000,000011001,00000011,00110000011,0000000,1000,000100,
00010101100110,10000000000100101011,001000001100,0011000100,0011000110,000011100,000010000,000100,00000011,00,
11000001101010,0000100101001,011000011100,000011100,0011000100,0011000110,000011000,00000011,000100,00,110011,01100,0,0,
011100110101000001100101000110001,011000011100,10111100011101101,011000011100,011000011100,001000000100,10010,010011010,0000011,1001,110011,00011,00,
00000001100110,0100110101011,001000001100,1011,0011000100,000011000,00111,1011,000100,011,00000011,1001,,10,000,10,1000010,1000000,1000000,00000011,
01010001101000,0000010,00111000011,100000011,00110000011,0011000110,000011,1000000,000010,10000011,00110,0001,000110,00,1,
01000001001100,10100011,1101,00110000001,10110000011,000011001,10000011,1000000,1000000,00011,1011,00000,000,00,
01010011100000,1010001101000,011,0011000100,0011000110,100010,00,000000,1000100,1011,001,001,001,00,
01011000110001100000100101001,001000000100,111001,000011001,00111,10100011,0000010,000000,0000000110011,1011,0001,001,00,
00010101100110,100110,1,,1011000011100,0011000100,1,,00,000010,00100,1001,1000111,11011,,1,
01110001101010,000000000000100110,0010000000100,00111000011,0011000100,0,0001000000,100010,000010000,1001,00,0,
00110,00100011,1000000,001000001100,00111000011,0011000100,
00000001100110,0100110101011,001000001100,00110000001,1100,000011100,0011000110,1000010,000011100,000,00101,00010,00,0,
01100000111000,01001000000100,001000001100,10111100,0011000100,0011000110,,1000010,000010,000011000,1001,1001,00000,
00000000100110,0000000
01100000111000,0000000110011,101001001100,,1011,1001,,1,,00000011,000010,,000,001000001100,1001,001,00,00,
01000001001100,0100110101011,1000100,000010010,00111000011,000011000,000100,11,000100,1000000,,,1100,1011,001,00,1,
000101011000110101100000000100110,0010000011000000110100000,10001100110,000011001000011000,10100011,0000010,,100110000,00000,001,0,
110000011000010100010,1000000001000001100,001,000100,000011100,000010000,0000000,000010,1011,0001,10011001,011,00,00,1,
00010101100110,100000001101100,001000000100,1100,0011000100,000011000,00000000000000,000010,1011,1001,001,000,1,0,
01000001001100,00101101,001000001100,10011,101100,000011100000011001,000011001,00100011,10100011,1,11010,00010,,0,1,0,
00010101100110,1000000101111,001000001100,10111000111,1101,000011001,1000100,000100,000100000110,001000000100,1001,001,00000,,00,1,000000,1,00,,0,
00000001110011010,0011100,001000001100,00111000011,0011000100,0011000110,00000011,000000000011,00110000001,00100,0001,00,0,
01010001101000,0000100101011,100011,000000,000011000,000011001,000010000,0000000,000100,000010010,100010,1001,00,
000100010,1000010,11100,1100,1011,000011100,000010000,010100011,000010,00100011,11,0011000100,10,00,0,
0110000010111100011101100,001000001100,000011100000011,0011000100,10111100011,00001000010111000011,0000000110011,100010,1001,1001,000011000,00,10,
00000001100110,0000000110011,001000001100,011000011100,000011000,000011001,000010010,0000000110011,1001100,10010,01010,1001,00,0,0,
010100110000000101101,1000001001,00010101100110,0011000100,0011000100,00100011,1000010,00100011,010011010,01100000111000,000110,00,0,0,
01010100100110011000,001000001100,000000011,10111100011,01011,000011000,000100,00000011,11100,1001,00111000011,1001,1000100,0,
00000001100110,00000000100110,001100011001011,00000000100110,10111100011,000011000,10000011,0000000,000100,00011,1000100,10011100,1,00,
100011100000,000011001100,000011001,0011000100,0000000,1001,00000011,000010,10111100011,01010,001,001,00,
1100011101100001100011100,000011000,00100011,1000000,0011101100,000010000,00000011,100010,00110000011,1101,000000,1001,001,0,
01100000111000,100000010,001000001100,10110010000,0011000100,011,0000000,00000011,00000011,100010,1101,1001,10,00,
000010000,000001100,010,,0011000100,0011000100,000011000,000010000,00000011,1000000,,1001,0001,00,0,0,
0110000111000011100001100101,000000011101001100,0011000100,0011000110,000011000,000010000,00000011,1000000,00000000100110,00111,00010,00,0,0,1,000010000,
11000001101010,0000000101011,01100,011000011100,0011000100,00110001101001100,0000,000011010,000010,000010,1011,000110,0,1,
011101111000110,000010000011,01110100011,0011000100,00110000011,0000010,00100,1000001011,011,,1001,010011010,0,
00000000100110,0000000110011,100000011,1000100,0011000100,1,000011001,11,00000011,000100,,0001,000,001,0,00,
00010101100110,10000000000100101001,011001001100,00000011,,011000011100,000011000,1001,1000000,00,
000001000000000010000100,100011,00010101100110,011000011100,000011000,10100011,00100011,000010,000110,100010,0001,0,001,0,
010100110,0000000101011,01100000,000010010,0000011,11011,000011000,001,00000011,11,000,000,11100,0,
0110000000110011,0000101101,0010000001001001,1001100,01011,001100010000010,100110,10010,10111100011,000000,1100,10011,1001,00111000011,
00010101100110,0001110011,0,10001001000111,0011000100,10000011,0000000,10000000000011,000010010,01010,01000,001,001,0,
10000011100110,1000001001,001000001100,00110000011,1001,0100000,000011000,001000001100,000100,00101101,0010000100,000000000110011,0,1,
0001001111000110001100000101011110001100010101100110,000000,0011000100,0011000110,00111,00000011,00000,1001,11,101111,1,001,100011110000011,
00010101100110,1000000101101,001000001100,10111000011,0011000100,000011001,00100011,00000011,000010,0,1001,001,00,0,
01100000100110,100000011100,,0010000,0010000,,000100,00100011,100,0000000,00100011,1001,0001,00,0,
01100000100110,000010000,010011010,00100011000,0000010,00100011,000000100110,0000000,010011010,00010,0010000,000,000000,
11001101010,110000011,001000001100,00111000011,100011,0011000110,1000000,10100011,000010,00101,00011,,00010,00,101001001100,1,
01100000100110,0000000110001,001000000100,000010010,00110001,01,000010000,0000000,000000,0000000,1001,1001,,00,
01110001100100,000000100,00100011,00111000011,0011000100,00101101,00100011,00000011,11010,01011
01100000000100110,100110,11100,100110,1011,00100,10111100011,00000011,0000010,100010,01,0000,00,
0101000110000000,101111,00110000011,1011101101,10111000011,1000111,11010,100000011,0000000,0001,000110,000,101,1,0,
01100000100110,00000000000,00110000001,0010000100,00111101,10110000011,1000000,0000000,00111,0001,00,1000111,0001,1100011,
1000000111,000000011000110,00110000011,0011000110,1000111,000011000,00110000001,00111,0000000,001000000100,000,10011001,001,000010000,
11001001100,10011,00011,00110000001,101101011,0011000100,10000011,000100,00100011,0011000100,001,100,110011,
000010,00101101,00011,00,0011000100,
011000000110,0000000111001,0110000111001000111,00111000011,010,10011010,0000000110001,000000,00011,001,001,00,0,
11000001101010,0000000101011,0110000011,0011000100,00111,00000011,00000011,0000000,100010,1011,100,00,0,0,
001100000111001,0000000101011,001000000100,00111000011,0011000100,0011000110,011,11011,00101,00111,01000,001,100,
00010101100110,1000000101111,00110,10110000011,0011000100,0011000110,00000011,00000011,10010,00010101100110,
0111011100001101100000111000,100110,010011010,00110000001,1000100,0011000100,00100011,0000000011001,0000010,01010,0001,1001,10,0,
11000110110000000110001011100001111110000010111100,000010000,101001001100,000011001,0000010,0011000010000,011000011100,00010,000,1001,1000000,1,00100011,
01001000,000010010000000011,0010000100,011,01100,000011100,000011000,00000011,0000000,00000000100110,0000000,000000,000,10011010,101111,
10000001100000110011,00001,1001100,0011000100,0011000110,000011000,0000000,000010,00000011,,1001,1001,00,0,
00010101100110,100000,1,,000,,,,0111001,,1000010,0000000,1001,1001,00,00,
10000011100110,000,011,10111000011,0011000100,000011001,10100011,0000000,000010,000110,00011,001,00,0,0,001011011,1,
11010001101001,1001,00000000100110,0011000100,000011000,0011000110,00100011,000000101,00101,01010,1001,1001,,00,0,1,
100110100,101111,011000011100,101111,10111100011,0011,000011000,00000011,10100011,100011,100010,1001,101101,10,1,
0110001100110000100100111001100111,00110000001,0010000100,0010000100,0010000100,000010,1000000,000000,0010000100,101,00010101100110,00,000,
011000000000011,0000010,00101101,00111000011,0011000100,11,000010000,100001010,0000010,000010000,0001,01011,00,101100,
00010101100110,0000100000,001000001100,1001,0011000100,,000011000,00000001,0000010,000110,01010,01100,00,0,
01010001101000,10111000011,1000010,000100,1001100,1100,000011,100000011,010,00111000011,01011,,1001,00,0,
000011001,00011011101,001000001100,01100,0011000100,000011000,00100011,00110000001
00000000100110,1001100,1101,0011000100000,0011000100,,0011000110,0000000,00000011,000100,,,,1001,00,1,
011111000101011110111100100110001101000111,000010010,0100000,0010000100,00110000001,10011,1000100,10011,1001,1000100,00,
00000000100110,10001110001000100,00111000011,00100011,0000011,000011001,10100011,1000010,0000000,
00010101100110,000010100011,001000000100,1001,,0011000100,10011,0000000,000100,1001100,10,,0001,00,10000011,
011000001100011100100,10111100011,010011010,0011000100,000011001,000010000,00000011,000110,001000000100,01011,0000011,001,00,000,0,
00010101100110,00,000101011,001000000100,00110000011,000000111011,00000011,0000000,0000010,100010,
01110011100000,0000000111001,0010000100,1100,001100011010101100,1,000011000,0100000,0000000,0001,000,00,0,
11000001101000,001000001100,001000001100,1011000011010100011,000011001,00101101,00000011,000010,100010,01010100000011,1011,001,00,
00000001100110,01001101000010,001000001100,00110000001,0011000100,000011000,00000000010000100,10100011,1001100,1101,0001,001,0001,0,
0010000001000000000110011000000110000111000000011,00100,00110000011101,0011101111,0011000100,101100,000100,100010,10111000011,00110000001,00,0,
00010101100110,1000000011000011100,001000000100,10,10110000011,000011000,100000011,000001,001000001100,00110,,00110,,001000001100,00,
01110011010000011001001100011000100,110000011,00111000011,0010000100,0011000100,00000011,00000011,0000111001001,01000,000,000,00111000011,,000,001,1,1,1,,1,00010,000100,1,11011,
0000011,0001010110011000011,100110,00110000011,00110000001,00111000111,101100,000010,0000000,01100,110000011,1011,11011,00,0,
00011000001111011,100,100,11010,0011000100,0011000100,1101,00100011,0000000,0000010,00111,00,000,
00100000010000110,0000100101001,100110,00110000001,011,10000011,000011000,000011000,10010,0000,010011010,1001,00,000010000,
1000111,100000000010,000101011,00110000001,0011000100,00100011,00000011,000010000,10010,000000,11010,100,000,00,1,
01110001100100,0000000111001000,00001011101100101101,0011000110,0,000011000,0100000,100010,1011,00,0,0,
01110001101010,00001000100001000001100,011000011100,0000011,0011000100,10111000011,0000011,1000000,000110,100110,1001,000,0,0,1,1,
0000001000010,000000011001101001,0011000100,0011000100,1000111,1011,00000011,000010,000000,100000011,1001,1001,00,
00010101100110,00000001001001010,001000000100,1001,110011,000011001,000011000,0000000,000100,00011,1001,1001,000,0,
001000001100100110,01010001101010,101111,10111000011,0011000100,001100000111011,0000000,100001001000,00110,1001,000000,000,00,0,
011100111000000101111001,110000011,00110000001,00111000011,10000011,001,00000011,000100,1000100111100,000000,011,00,
0101110010000011,10100100110010000011,001000001100,00110000001,011000,0011000100,00000011,0000000,00011,011,1011,01010,00,
0100001100000000100110,10000000000010,10111000111,0010000100,0011000100,0000000,00100011,000010,000010,10000011,00110000001,01011,1001,
01100111100110,0000000111001,000011000,11011,001101,000110,0000000,000100,000000011,000100,,001,001,00,1,
101101000000010000,101,1100,00100011,0011000110,0011000110,000010000,100000,000100,100000,00111,1001,1001,00,
011000101011000001100000110010000000100,00111000011,0011000100,000010,00,,00000000100110,
1000001111011,10111000011,001000001100,01100,0011000100,000011001,00000011,0011000100,000010,101100,0000000,1,00,0,
00000000100110,00011010,001000001100,011000011100,0011000100,0011
10111100011000000000100110101,001000000100,011000011100,000011000,1000000,00110100000,000010,000000,01010,001,000,00,0,
0111100111001100,00000001100110000011000011000,011000011100,01011,0011000100,000010000,00000011,000100,01110,1001,000000,000011000,001,000011001,1,1100,001,,001,000000011,,
00010101100110,100000001101001001100,000000000011,0011000100,0,00000011,10100011,000010,000110,001,001,00,0,1000000,
0101000001100,0000101100,00111,0011000100,00110000011,0000010,10100011,001011011100011,100011,00000011,011000011100,000,0100000,0,
01110001101000001100011100111000000000100110000100,00110000001,00111000011,11011,00011,0000010,000110,00011,000,000,00110000011,0000,101001001100,
01100000111000,0001100001011,001000000100,0011,010011010,101100,0000000,000101011,000100,00100,00011,1011,00,110011,
00010101100110,000011,001000000100,0011000000111,0011000100,000011001,0000000,1000000,1000000,011000011100,000010010,0011100001100110,1,
10001001001100,0000100101011,001000000100,00110000001,10111000011,000011001,000011000,111001100,101100,110001100000,100,000,00,0,
011101110000110001100101101,10111000011,000000011101101,0010000100,100110,000010000,000010000,0011,000011000,00101101,100,1,101111,011100,
01101000,00001000010010,11100000,00110000001,00111000111,000011000,101101,000010,1100,1001,100,001,00,0,
00100,000011100010011010,1101,10111000111,010100011,000011001,000011000,00000000000011,000110,100010,001,000,00,1,
0101000110101,10000001000111,000,10000011,,000011001,101100,0001,000100,,1001,00,0011000100,00,
000011101100,0000000110011,001000001100,101111100,0011000100,010100011,0100000,00000011,00100011,00101,00111,001,00,0,0,
0110000000110011100011100011001000010000011,0111,0011000100,0011000100,00100011,00100011,0000000,000000,000010010,101,1101101100,,00,1,
10000011100110,000000011101100000011,10110000011,0011000100,0011000100,0000000,0000000,1000000,100010,1000010,1001100,000,00,
010011010000001110000011,0,001000001100,00100011100,00111000111,010111,1000010,001101010,00110000001,00100,001,101001001100,0,
0101001101000001000000000000110001,011000011100,100000011,001110,0010000100,000011000,000011100,00100,0011,100011,1001100,1001,100,1,11011,
01100000111000,00110,
10000011100110,00000001101100000111000,001000001100,10111000011,0011000100,000011001,000011000,00000011,000,000100,001,00,00,0,
00000000100110,00011001100,000110,101,0011000100,000011100,101,000100,11100,1000111,100010,000,00,0,0,
01110011010,000001100,0000100101001100,00110000001,0001,100000011,1000010,0000010,101100,100010,0001,00,
00000000100110,000100001010,001000001100,01,01011,000011100,00100011,
00110,000010,00101,001000000100,00111000011,0011000100,0011000100,00000001011,000010,00101101,01011,001,00,0,0,
0000010,01100,10000011,001000001100,001100010011,00000011101101,000011000,000,1000000,,1001,10,00,0,1,10100011,10000011,
000000000101,00100,0010000001000001,0010000,10000011,000011000,000011000,0000000,101100,1001,1001,000,10,
00000000100110,00001011000100,001000001100,00110000001,0011000100,000011001,00000011,01110,,000010,,0001,00,0,0,
01100111000011,00,0000000110000000,001110111000111,0011000100,00000011,100000110,11100,00011,001000001100,000,0,0,00100,
010100011100110,0000000110000,001000001100,00110000001,0011000110,0011000110,000011000100010,0011000110,1001100,110011,1101110010,1001,0,
00010101100110,1000000101111,001000001100,10111000111,00111000011,000011001,000011000,1000010,000100,1001,1001,00010,0001000,0,
00010101100110,0000000110011,10111000011,001000001100,001000000100,01000,,101,01000,0000010,011,1001,1001,00,0,
110000011100010001010,00010,10011,0011000100,000011000,00100011,0,11,000010000,000000,000000,001100011,1000000,0,
00000000100110,1000000101111,001000001100,1011,001000001100,00000000100110,10100011,001000001100,000010,000000,,1001,01100,000,1,
01010001110000011,0000100101001,0111000100,00110000001,0011000110,000011000,0000010,01010,00100,0001,0001,1001,00,0,
00010101100110,00000001011,001000001100,00111000011,0010000100,0011101100,000010,0000010,00000000100110,000000011,100000011,1001,00,0,
0111000100000011000110110100010,00111000011,0000,0011000100,000110,1100011,0000000,000000,100011,1001,10,001,1001,1,
0111000010,0000100101011011000010,000010010,0010000100,0011000100,010011010,00100011,00101,00110000001,11010,00010,000,001,000011,000110,00111,0,1000000,00,
1000001100010,0000000110011,1001100,00110000011,10111100011,0011000100,000010000,00000011,000010,00100,000010,1001,000,000,
000000001001100001001,100110,10111100011,00110000011,0011000100,
1011110001101010,0000000110011,0011,001000000110,00111000011,00111000011,0011000100100000,00001011,1001,000100,1001,0011000110,00,0,
1000001110010,101111,100001000001000100,0011000100,000011001,00000011,0010000100,0011000110,100011,11,0001,,000,00,0,
0110001100110000111001000001110001110001001,1001100,000010000,000011000,00000011,000010010,100010,1001100,1001,1011,00,0,
0000000110001,11100,001000001100,00010,11011,101,00000011,1000010,000010,000110,1001,1001,00011,00,1,
0000011,1000000101111,001000000100,
1000111101,001000000100,001000001100,011000011100,11010,000011001,10,100010,000010,11010,1001,0001,000,000010000,00,1000000,1,1,1,1,
10000011100110,0000000110100000110101000110000000,0011000100,000011,000011000,1000010,000010,000011000,1000100,01100,000,00,
01000000011000001100100,1000000111101,1011,10111100011,10111000011,11010,100000011,000010,00101,01010,1,00,0011,10111000011,
01010001101010,0000000110011,11010,00111000011,0011000100,100110,0000000110011,
11100,00010010000011,001000001100,10111000011,0011000100,000011001,00100011,1010010011001,000100,000011001,000100,00,00,000100,
00010101100110,10000001000111,00011,101100000,0011000100,0011000110,01100000111000,0000000,00,000010,00,0011,001,0,
00100,00000001010111011,001000001100,1011,00111000011,00001110111000011,1000010,000010,000110,01010,0001,0001,010,0,0,1,1000111,
00010101100110,100000000111000011,1001100,101101,0011000100,00110,10100011,
00000001100110,010000000110,001000001100,0010000100,0011000100,000011001,00000011,100000011,0000000,100010,10,1001,00,00101,
001011011000010,00000001100000011,001000001100,101,0011000100,000011001,00100011,11,000100,00011,1001,101,10,00,0,
10000011101101,11010,1000111,00110000001,0011000100,001000001100,0010000100,000011000,000010,11010,11,10010,000,00,00101,
0110000000110011101,10010,00000001101100,00110000001,100000011,0011000100,10100011,000101011,00,00100011,001,001,00,0,
01010001100010,0000000110011,011,00111000011,0011000100,00111,00100011,1000000,1000000,00111000011,1100011,001,001,00,
100000110011101101101,001000001100,000011000,01100,0010000100,000011000,100000011,1000010,000110,00011,0001,001,00000000100110,1,0,
100110101,0111000100,011001001100,00110000001,1000100,000010000,010100011,000010,00100,00010,0001,00,00,0,
000000011010100011100110,1,011001100,1011,1101,10111000011,000011000,0001,010011010,,1101,00,1,0,
01010001101010,000010000,000011001,11100,00001100000,000011001,0000100001001,000010,100,0011000100,001,1001,000011100,1,
10000011100110,11011,001000001100,10111100011,0011000100,100000,00000011,0000000,0000000,11,0011000110,1001,00,0000011000,0010100011,
011110011000110010110110011001,011000011100,00111,000010000,000011000,11010,01011,01100,01011,1001,1000100,000,00,000010,
00001100010010,0000000101011,001,00110000001,0011000100,0011000110,000010000,00000011,000100,000110,0001,100,00,00010101100110,
1100110011000110,010011010101,0000000110001011,00100011,000011001,011,01100101,00110000001,10111100011,101,00,0,0,
110000011101100,0000100101011,01100,100000011,000011,000011100,0010000100,1100011,0000011,01100,11010,001,001,001,00,
01111001101100,101101,001000000100,000010000,00110000011,011,000011000,00000011,0000000,000000,01011,1001,000,1000100,0,1011000100,11011,1,1,1100011,000011,00,00100011,000100,00,,0010000,00011,001000001100,0,
0101000110000110000011,000000011,0000101,1011101101,0011000100,00000011,00000011,0000000,1001,00010101100110,1001,000,00,
01010001101000,00000000110,001000001100,00100,0000000,0011000110,0011000110,1000010,1000000,00100,011000011100,00,0,
011000000001100101101001,001000000100010,11011,0111011011,000010000,00000011,011000011100,000100,1001,1001,00,00,
00001001001000,0000100101011,000010,00110000001,10111000011,000011001,000011000,010100011,00000011,001000001100,00010,1001,00,0,0,
01000000001001101000,00000001001,000010010,00110011000100,00100011,000,1000010,000000,000100,00010,000,1,0,
11000001101010,0000000111101,,00111000011,00110000001,000011001,0001,0000000,0000000,11010,0001,001,1,0,1,0,
01010001101010,10000001,00100,0011000100,1100011,
00010101100110,000010,001,100000000,1011,,0011000110,,0000000,,,,,,,,00010,,,,101,,,,
001110000011,0000000101011,00011,00110000001,000011000,000011000,00100001001001,00110000001,00010,100010,00110,00,10100011,0,
00010101100110,1000000101101,001000001100,10111000011,0011000100,,000011100,0000000,00100011,000100,011,0001,000110,001,00,
00,10100000001100111001,111001100,0011000100,00010,000011000,00100011,000000001100,00111,00111,00110000001,1,00,00101,
00000000100110,00001110001100000111000,001000001100,,00111000011,0011000100,0010000100,000010000,00100011,000011100,,0001,0001,00,101001001100,
00000001100110,000011100101101,001000001100,00110000001,0011000100,00000011,000011000,100110,000100,100011,101100,100,1,00,
00010101100110,000000011,1101,0011000100,,,000010000,
00010101100110,0011000100,000100,,,1,0,,,00000011,1001,10010,00,101111,00010,1100,1,00,
00010101100110,1000000101101,10111100011,10111000011,0011000100,000011100,00100011,00000011,0000000110011,000000,0001,001,00,00010101100110,0,
011100000111001100100,1100110,00101,0011100011100011,00100011,1000010,0000010101100,00111000011,00010,001,001000001100,
11000001101010,0000101001001100,1101,00111000011,0011000100,0011000110,000011000,00000011,1000000,000010,00010,00000,00,0,
00001100000000100110,000010000,01100,0010001100110,000011001,10100011,0000010,000011000,11100010,000100,11011,000,00,0000000110011,
00010101100110,00100011,100000011,1000100,000000,,0011010100011,0010000100,11,0000000,1000100,000,1011,101100,0,000010,1,0001,1,1,,00,0001,0001,1,0,1000000,
01100110000001,110011100100010,110000011,110011,000011001,1000100,10100011,0000010,100,,101001001100,00,11010,101001001100,1000010,
11000001101010,0000100101,001000000100,00110000001,000011001,00111000011,000101011,00000011,0000000,00101101,000011100,1001,101111,00,00,
110000011101100000110000000110100000110011010,00111000011,0011000100,000011100,00100011,00000001000010,00100,00011,00111000011,10011010,1,0,
011100010,11000111001,00100000110000100,0010000,0011000110,000000011,001,0000010,000000,1001,00,00,0,110000011,
00010101100110,00000000000110011,101111000110010000,011,00111000011,010100011,0000000110011,1000000,0000000,10011,11010,01100,00,0001,1,
01110001101010,0000100010000011,00111000111,00110000001,0000000,0000000,00100011,00100,000101100,00010,000,1,1001,
0010110101100000111000,0000000101011,001000001100,00100,000011000,0010000100,000011000,010000011100,0011000000111100,100010,00110000001,00,0,0,
01100101,01011000000110,000000110000001,0011000100,00111000011,000010000,000010000,000100,00110,11010,1001,1001,10,1,1,0001,
01010001101000,0000100101001,00010101100110,00110000001,011,01,10000011,01110010,0000011,00111,00111,0010000,0,0,
00010101100110,000010001100110000001,001000001100,0011000110,0011000100,000011001,00100011,00110000011101,00110,00111,0011000100,00,1,0,
001100000111001100,0000000110011,1001100,00110000001,0011000100,000011100,10100011,0000000,000010,000110,01010,0001,001,1,00010,
00000000100110,1000000101111,001000001100,10111000111,000010000,000011000,0000000,0000000,000100,0011000110,1,00010,01000,1,
0101000110000000110000010,000000011,001000000100,0011000100,000011000,11011001,000011000,000010,11010,0000011,1001,00,0,
01100000111000,000000,010,01010,00110000011,0011000100,,,,00100011,000010,000110,00011,0001,000,0,1000100,,
00010101100110,10010,00111000011,101111000111011,1011,000010000,00100011,0000000,1000000,000000,,
00010101100110,10000000000,001000001100,10111000111,0011000100,10010,0000000,00100011,0000000,00100,0000000,1011,1000111,00010,
01100010000110,0000000110011,00110000001,001100000111011,01000,100,0011000100,0000010,00100011,11,1001,1001,00,00,
000000001100,00011,011000011100,000100,001000000100,00111000011,00100011,10011010,000010,00101,110011,0001,000000011,0,0,
00010101100110,00111000011,00000001,10,10100011,001000000100,,00100011,0000000,0000000,00110,0011000100,1001,1,00,0,
011100110000010,000000011000111011100000,0011000100,001111100,10110111,000011000,000011000,0001,0001,00,1,
00010101100110,10011010,101111,10111100011,1001,0011000100,00000011,00100011,000100,000100,1001,0000000110011,1001,,001,1001,0,
100000,0000100110101001,0011000100,000011000,100110,100000011,00000001,000010,000000,01011,0001,00,0,0,
01111011,100110101101101100100,100010,011,000011100,1000010,00111000011,000100,00100,110011,00,000,0,1,0,1,
010000010001100110000011101111000110000000110000000,101100,0011000100,000011100100110,1001,11,000100,1001,01010,00010,101100,00,
00100,0000000101011,00110000001,101101,00110000001,000011001,1100011,1000010,000010,00101,0011000100,01000,001,001,00,
1001100011000011100110000000111001,011000011100,000000,0011000110,000011000100110,000000111011,000110,11011,0001,001,00,
100000,1000000101111,001000001100,10111000011,0011000100,0011000100000011001,0000000,00000011,00000011,00110,1001,1001,001,00,
111001000100,0000000101011,001000001100,0011000110,01100,0011000110,001000000100,1101000,0000010,100110,0001,001,,00,0,1,
0000100101001,100110,0111011,00110000011,0011000100,01110111100011,1000000,00011,000000,011000,00000,0011,
00100,1000000101111,000110001000000100,00111000011,0011000100,0011000110,00100011,11010,00100,000010010,00111,100,1,1,0,
11000001100011010110011000110,001000001100,011000011100,10111100011,01011,00100011,0000000,0000,00100011,00111,001000000100,00,0,
01100000111000,,0000000110011,001000000100,011,0011000100,000011001,1000000,00100011,000010,0011000100,0011000100,1001,000,0,00,
01010001101000,0000100101001,011010100011,101101,000011100,10100011,110000011,000000,100011,100010,1001,000,001,00,
0010000001000000000101111,00010,001000000100,10100011,00010,0011000110,000011000,0000000,0000000,01010,1001,1001,01000,000,
011100001,00100011,001000000100,00110000001,00111000011,001110,0011000100,000000011,100010,00100011,0001,00,0100000,0,
01100000111000,0000000110011,000000011,001000001100,0011000100,000011000,,10010,
00010101100110,0000110011,001000001100,10110011000110,0011000100,000011001,,100000,000010,100,000,,00,101001001100,
01100011110100100000100110,001000000100,000010010
00000000100110,1000000101101,001000001100,010100011,0011000100,0011000100,00100011,10100011,00100,00111,00000011,0010000100,001,01000100,10111100011,0000011,1,1,00110000011,,
001000110000000100,100000000001110000000110000001,0011000100,10,10100011,1000010,000010,101100,100110,1001,00,0,
10001001001100,0100000110000011,0100110101011,00110000001,000011001,100011,1100110000000010011000100,,00000,110000011,00010,000,00,0,
100110101,011000011100,011000011100,000010010,0011000100,1000000,000101011,100000,000010,00000,101101,000,001,
11000001101010,0000000101011,0110010111100011,00011,0011000110,000010010,00111,00100011,000000,0011000110,0001,001,00110,10000011,
00000000100110,00011101100,001000001100,1011100,0011000100,000011100,00100011,000010010,000010,000010010,00100,00010,001,000011001100000,
0000000110000000000000001000101101,000101011,0011000100,000011001,101,0000011,101111,00100,101100,1001,001,000,
01000,0000010011010,0000010,00101101,1001100,000101011,00000011,0000,1000000,00100,01010,1001,011,01011,0,
11010000010,0001110010,00000001110011,00111000011,00111000111,110011,1011111001100,00100,00111000011,000,000,00,01100000111000,
01100000100110,000000011,001000001100,1011,00111000111,000011000,1001,0000000,01100,11010,00,000000,0,1,
1001001100,10011,10001001100110,100,0000010,1000010,0000000,10010,0000010,100011,0,001,0,1,
1001,1000000101101,001000001100,0011000110,0011000100,000011001,00000011,,101101,1,000011100,,001,00,0,
01010001101011,0000100101011,000000011,01100,0011000100,000100,000011000,00010101100110011,100,000010,00000,000000,11,0000000110011,
10000001100100,0000000110011,1100011,011000011100,0011000100,000011100,000011000,10011010,000010,101,000,100000011,001,10,0,
011100110,110011000100,10100011,0100110101000111,0000010,10010,0000010,000010,,00011,000100,00010,,00,1,10000011,
0111000111001100,00010,001000000100,00100011,0010000100,0011000100,000010000,10011010000,00000011,01011,001000001100,001,001,0,
01010001101010,0000100101001,01110100011,10110000011,000010000,000011000,00000011000101011,000010,110011,0001,0011000100,000,1,0,
01010001101000,1100000111101,011100110,101101100,0011000110,00100011,1000010,1000010,000000,11010,100000011,00,
0100000000110011,0001101100,10111100011,00110000011,0011000110,00110,000011000,00000011,000100,000,011,001,11011,000101011,
0010110101010,101111011000110,011,0000,00111100,0100000101111,000011100,011000011100,000000,1001,001000000100,00,
1100000111000100,101101,100011,00111000011,0010000100,0011000110,00100011,10011010,1101,10111000011,01010,0001,00,0,0,
00010101100110,0000000101011001101001,001000001100,011000011100,00110000011,000011100,000011000,0000000110011,000010,000,000,101,01,00,000,
0101000111001,0000010,001000001100,0111000111,0011000100,10111100011,,0000000,0000010,0000010,01010,1001,1001,001,,,
01110001101011,10000001000000,00110000011,100000011,1000111,1011,10,0000010,001,0000000,101,1001,001,00,1,0,
100000110110000111001,0000000011001001,0,0011000100,0011000100,00100011,1000000,1000000,000000,00111000011,100,00,0,
100010000101101,0000100101011,001000001100,00111,0011000100,0011000110,001100000111,0000000,000101011,100011,00,001,0,
001000001010,0011000110,011000011100,00111000011,0011000100,0,00100011,1000000,000010,0000010,
10111000011,1000000000010,10111100011,000,000011001,00100011,00100011,000010,000000,11,0001,00,0,0,
01000001001100,000010010010,001000001100,00110000001,00100000,0010000100,1100011,1000010,1100,1001100,10,00,
11000001101010,0000000101011,001000001100,00110000001,00111000011,0011000110,000011100,00000011,10010,000010,100000011,00,00010,0,
1000101101010011010011101001101010110000111001100,11010,000011000,000011000,00101101,01100000111000,100000011,1001,00110,000100,
010100011110001101010001101000,011000001001,00110000001,0011011000011100,0010000100,10011010,000010000,100011,00111000011,000000,10100011,00,1,
011100011100010011,001000000100,001000000100,101111,000010000,1001100,0011000100,000010,00100011,01010,0001,00,101001001100,0,
0101000111011101001001100000101101,100110,10111000011,00110000011,0011000110,00010,1001,100000011,100010,10000011,100,000,00,0,
0011101010,0000000101011,001000001100,100,000,0011000110,0,000000000,000010,0000011,0001,00,001000001100,
11000001101010,000010000,0000010,00110,101101,000011100,100010,1001,000000,00,000011001,001,000,0,0,
00000000100110,100000010,001000001100,101100,0011000100,,00001100101011,0000000,0000010,100010,1001,0001,00,0,
00010101100110,0000100110101,001000000100,00110000011,00111000011,00000011,00100011,1000000,0000000,0111000111000,1001,00001110011010,
11010001101001,0000010,01010,001100000111000100,000011001,10100011,10100011,0000010,0000010,00011,1001,000,00,
00010110000011100100001010001101000,10111000011,0011000100,010011010,000010000,1000010,1000010,000000,01010,01000,000000,00,0,11,
1011111001100,01001101001010,001000001100,
01101011100000001100100010011100,00000000100110,0011000100,000011100,10111100011,000,0000010,000110001,100110,1001,001,00,0,
0101000110101010110000111001100,001000001100,00111000011,00000011,0011000110,000010000,000100,01010,000000,101,100,00,00101100,0,000101011,100000011,100000011,
0001010111000100001100011000000000110001111010,00110000011,000011001,0010000100,00000011,00000011,000000,10000011,1001,000,1,00,
01100010101100110,000010000,001000001100,011000011100,10111000111,0011000100,01000,00111,00000011,100010,1000000,000011001,000,00,0000000110011,
01000001001100,1010001111,001000001100,00110000001,0011000100,0000111100,01011,0000010,0,001000001100,11010,001,00,1,
01110001000000000110011,0000000111001,1000100,00010,0010000,0000011,1000010,000011000,000000,1000100,001,001,00,0,
11000001101010,000010,11100,1100101111,0011000100,00000011,0000000,00000011,10010,
00000111001100,000000011101101,011100000011,0011000100,,1011,00000011,,00000011,0000000110011,101001001100,10,1001,00,0,
000100011100000011010001010111101,10001100110000001,00110000001,00000011,011000011100,11010100011,1100,000110,1001,000,00,0,
1100000110010110100010,10011010,10111100011,001100000110000011,0011000110,0000000,0000000,01100,000010,01010,1001,00,010011010,0001,
01000001001100,01001101001000,001000001100,00111000011,10111000011,000011001,01010,10,00011,000110,00000,1001,101,00,
00000000100110,1010011000100,00100011,,011000011100,0011000100,00100011,0000,00000011,0000000,00011,00111000011,00010,001,1,0,
01010001101000,10100011,001000001100,00110000001,0011000100,000011100,10100011,0000000,000010,1000100,0001,,10111000011,011000011100,00,
01100000111000,000000011001100110,001000000100,1011000011000,0011000100,000011100010,0000011,000010,01100,1001,01000,00,0,
01000001001100,1000010,001000001100,001000001100,10111000111,000011001,0000000,00100011,10010,000000,101001001100,00101,001,00,0,
011100011100110,0000000011001,001000000100,00110000001,0011000110,00100011,1000000,00101,000110,000101010,1011,101,0,11011,00101,00,
101101,10,00,01100,0011000100,00111,000011100,000000000,1000010,0,00111,0001,00,011000011100,0,0,
00100,0000000110011,100000010,10110011000100,0011000100,000011001,0000000,1000000,000100,1001,001,100,00,0,
110100011001011000110,001000000100,000001010110000011,00111000011,000010000,00110000001,0001000001,1001100,01000,00,0,
01000001001100,100000,001000001100,10100011,00110000001,00000000100110,00000011,000100,000010,101100,01010,,00,00,0,101001001100,1000000,
00010101100110,00111000011,01100,10111100011,1100,0100000,000011100,010100011,,1000000,000110,0000,0001,001,,1,00,1,1,10,1,,1,00111,00,00,000010,0,,
100000111000111,011000,001000000100,00110000001,011000011100,00000011,000000011,01001101000000,11010,010011010,1001,001,0,0,
01101111,0000100101011,011000011100,0011,00110000011,0011000110,000011000,00100,00011,00100,000000011,00,00,1,
001110000111,0000000110011,110101000100,00111,0011000100,0011000100,0011000110,000010,000100,11,0,100,101,001,1,
01000001001100,0000100101011101001001100,00110000001,1001100,0011000110,10100011,10100011101111,000100,00110,000100,1001,1000100,
000101011001101001,0000100100011000100,001000000100,00110000011,11,00000011,000011000,00000011,0000010,,1001,1,001,100,0,
00100,0000100110101,101111000111100,1100,10000011,00100011,101001001100,0000010,000100,011,0000000,001,0,00,0,
01001101001001101000101101000000011001110111101,00110000001,101100,0011000100,00100011,00100011,000010,101100,01010,00,001000000100,1,
01010001101000,0001011,10000011,10010,00111000011,01,00100011,00101101,10010,100010,11010,001000000100,00,
00100001101,001000000100,000000,00110000001,1011,000011001,10111100011000,000010010000011001,000110,00010101100110,10100011,0001,0001,
00010101100110,1000000001000000100,001000001100,10111000011,1001100,100010,1011,0000000,0011000110,0000010101100110,000101011,010100011,00,
01010011100000,100101100000000100110,00000110000001,100010,10111100011,1001,0000010,100010,00111,1001,000,000,00,
001,00110,000000011,001000000100,10111000011,0011000100,000011000,00000011,,0000000,000110,00110000011,1001,00,00110000001,
00000000011000100,10010,1010010011000001001,0011000100,10111000011,00100011,,000010,001000001100,1001100,0001,001,00,
01100000111000,0000000110011,101100,0011000100,0011000100,0000000,00000011,00000011,00100011,000100,1001,000100,00100011,1001,
11000001101010,11010,011000011100,10111000011,0,001,000011,00101101,1000000,00101101,01010,000,000,00,
10000011100110,00000001100110001101001,001000001100,00010101100110,00000011,,000,000100,000100,001,000,001,000,,1,
00111000011
01010001101010001100,0000100101001,000100,0011000100,000011001,00100011,0000000,000010,000000,01011,001,00,1,
00000000100110,000100001000,00111000011,00111000011,00110000011,000010000,000010000,1000000,0010000,000110,10000011100000,001,101100,1,1,1,1,00,,00111,
11000001101010,0000000101011,1011110001101100010,0011000100,0011000100,1000000000110011,0000010,100,0000000,1001,00,0000,
01000001001100,0000111011,000010010,00110000001,0010000100,01000001001100,00101101,000010,000110,110011,001,001,00,0,1100011,
01100000111000,100110,1,,,000,0011000100,0000000,100000,0000000,
00000000100110,1000000101111,011000011100,00110000001,0011000100,1000010,10100011,010100011,0001,011000011100,0001,1001,1001,001,1,10,11011,000101011,00,000010,001000001100,0000000,00000011,10100011,0,1010,10100011,00010101100110,10,0000011,1101,11011,
0001100001101001,1000000111101101,011000011100,101,0011000110,000010000,000010000,0000000,000000,00111,00010,10,00,
001000000101,0000100101100,00000001,1011010100011,1100,000011000,00110,01000,00100011,00000000100110,100,101,1,0,00000,
01110001101010,0000001000001100,0100000,001000001100,00111101,000010000,,0000010,10100011,010111001,001,00011,00,0,
1000000110000011,0000000111101,001000001100,11010,0011000100,000011001,00000011,100110,000010,1001,000,1001,000,001,
101101011000011100,1001100,0011000100,011000011100,0011000100,000011001,0000000110011,1000000,0000010,11010,01011,1001,00,000,001,
011010100110,00000001,00110000011,11,00111000111,101101,000000010101100110,00101,11,1001,000,,1001,10110110,
100000110000000110011,0000000110011,101111,1001100,0011000100,000011001,0001,00000000100110,1100011,000110,11,001101100,1001,00,1,
0000000010011000,1000000,0001,0000010,0011000100,0001,0001,
01111001100110,0000000111011011000101100000,1100,00110000011001,0000000111100,00100,0111000100,1001,1001,001000000100,10,
1011110010000011001100100001110010001100000001110110011000100,000011000,0011000110,
00010101100110,,000010010101101,001000000100,10110011000100,0011000110,0000000,,11100110,00100,1001,0001,00,0,
10000011100110,1000100100010,001000001100,010,0011000100,000011001,000011000,00000011,1011,000000011,1101,1001,00,0,
00001001010111100011101100,0001010111,011000011100,0011000100,000100110000000,00010,0000000,101100,00110000011,001,1001,00,
01110001101010,00100011,000000011,00110000001,0010000100,0011000100,0,10010,0000000,0010000100,01100000111000,0011,011,00,000,
0000111001101000101101,001000001100,0000000110001,0011000100,0011000110,0010001110010,0000010,01100000111000,00111,001,00,0,
10100100110010011000100110101,0,011000011100,0011000100,000011001,00001,000010,011000011100,00101,000,001,00,1000,101001001100,
10000011100110,0000000110011,00110000001,011000011100,0011000100,0011,00101,100010,000010,11,011000011100,0001,0,00,0,
010100011110001100101,0,0011000000111,0011000100,0011000100,000011000,00000011,0000000,1000100,00111,001,00,0,
01110011010
010100110,0100110101011,001000000100,00110000011,00011,0011000100,00100011,00000011,000100,000000,000100,10011,00,0,
00010101100110,100000000011,001000000100,0011000100,00110000001,000011001,0000000,10100011,000000,101100,1001,000,1001,1,
0101001110000011101,00000010101100110,0011000100,000011100,10100011,1000000,000010,101100,011,,10,000,00,0,
00010101100110,10000000000100101001,001000000100,001100000110000000,000011001,000011000,000000011,01010,,,1001,00,1,101001001100,0100000,1,
00010101100110,000100010111000011,001000001100,10100011,00101,1101,100000011001,000010,000110,110011,001,00,0,
01100110010000100,0000000110001,01100011001100100,00000011,1101101000,0000010,000000,01011,1001,000,001,00,
1011000000011,000010010101100,101100,11100,000000011,000011001,1010010011001,0000010,000001001,0010000,00010,1001,00,1,
10000011100110,0000100101011,001000000100,00110000011,0011000100,0011000110,00000011,0000000,000100,10011010,1001,00110000001,00,0,0,1000010,
00010101100110,11001000100000010,10111100011,00010,0011000100,,,000,00,1000000,100000,1101,100,00,1,0,
101100000100010110110011,011000011100,011000011100,011000011100,00111000011,000011000,00000011,000100,0100000,100000011,100,000,00,0,000000,
0000000000010011010101101,00111000011,10111000011,0011000100,000011100000100010,1000000,000010,11,1001,001,00,0,1,
011011000011100100000,0000,0000100101001,00011,0011000110,011,00100011,000010,00011,00011,0001,00,0,
01010001101000,10011,00000,00010,00011,00110000011,010011010,1000000,000010,101001001100,1101,100000,00,
010000100000,01100000111000,10111100011,00,0011000100,000011101,0011000100,10010,1101,00011,0000000,001000000100,00,0,00000011,1,000011100,00100,1,0001,011,0000,1,
01010001101010,110011,100010000110,1011,00110000011,
01010001000010110100010100011,001000001100,011000011100,100011,100,0011000110,10111000011,000100,110000011,000100,000000,001,00,1,
01010000011,101001001100101111,11000,00110000001,01,10100011,010100011,000010,101100,1001,0000011,000,11011,00,
0001000110000000110011,000000,001000000100,00110000001,0000011,0011000100,00000011,01000,000011100,00000,00000,00010,1001,1001,00,00,1,
01001101000010,0000100101011,001000001100,00110000001,0011000110,000011100,000011000,00100,000011100,0000011,0010000,00,10,0,
01000001001100,100110101000111,1000010,00100011,000011,0011000100,00001001010100011,0001,100010,0000000110011,1001,00,0,
11010101101,0100110101100,01010001100101,0011000100,000011001,10100011,1000010,000010,,1001,,0001,1000000,00,0,
000000011001100000001100010000000011101111,001000000100,000010,000011000,000011001,00000011,00000011,000100,1001,0001,00010,000000011,00,
0101001111011000001001,001000000100,011000011100,010011010,000011000,0000000110000000,00100,11010,00111,001000000100,000,000,00,
01100000111000,1000000101111,001000001100,101,0011000100,000011001,000011100,00000011,000010,101100,0001,000,001,10010,00,
00010101100110,000110010000100,0010000011000000000110011,1011100001100011,0000,00100011,000010010,1000010,01010,1100011,1100,00,01011,0,
1011110001110011,0100110100000010,10,1011,0011011000011100,000011000,1110,000000,00011,001,1001,10,
01010011010101011000,00100000010010011010,0000000111000100,000011000,000011000,0000000,000100,1001,00111,000011000,001000001100,00,0,10100011,
00010101100110,000001100,10,101100110,10111000011,000011000,,0000000,0000010,000110,101101,001,00,00,0,
010100011100110,0000100101001,01100110,101100,000011100,101,00000011,100000,00100011,100010,01000,000,00,
0000011,000011000,100,100000011,00111000011,00110000011,000011001,000010000,0000000,1000000,100011,
10001100100,010,001000001100,10111000111,0011000100,000101011,00000011,0000001111100,00100,00010101100110,000,00,00,0,10011,
