10000011100000,0000001001000,110000000011,10100000101,0010010110,100010111,00000101,1111010,001000,00010,1100,000,00,1,
10000001100000,0000001011000,100010100001,11110000001,1010000000,110010111,00000001,1100100,110100,00011,1100,000,00,1,
10000001100000,0000001001000,110010000010,10100010111,0011010000,100010110,00000111,1100010,111000,00010,1100,000,00,1,
10000000100000,0000001101000,110100100001,10100000000,1111100000,101010111,00000001,1100000,111100,00011,1100,000,00,1,
10000000100000,0000011111100,100000100011,11110100001,1010000000,110010111,00000001,1100100,000100,00010,1100,000,00,1,
10000001100000,0000001001000,100000100010,10011100011,0101010101,100010111,00000101,1100000,111000,00010,1100,000,00,1,
10000011101000,0000000001000,100010000010,10010000011,0111011101,100010110,00000111,1100010,001000,00010,1100,000,00,1,
10000001101000,0000000001000,110100000011,11100000100,0001010110,100010110,00000011,1100010,111010,00010,1100,000,00,1,
10000000100000,0000001101100,100010100011,11110000101,0010000100,100011110,00000011,1100100,100100,00010,1000,100,00,1,
10000000100000,0000001111000,110010100011,10100000001,1110000000,111010110,00000011,1100000,110100,00010,1100,000,00,1,
10000001100000,0000001001000,100010100010,10010000011,0111000001,100010111,01000101,1100000,101100,00010,1100,100,00,1,
10000000100000,0000001101100,100100100000,11110100000,1010000100,100111111,00100001,1100100,100100,00011,1000,100,00,0,
10000001101000,0000000001000,101100100001,10110100000,1110000100,100110111,00000000,1110100,111000,00011,1100,000,00,0,
10000011100000,0000001001000,110100000011,10100000100,0010000110,100011111,00000101,1100110,001100,00010,1000,100,00,1,
10000011100000,0000001011100,110000000011,10000000001,0010100011,100010111,11000101,1100001,000100,00010,1100,000,00,1,
10000011100000,0000001001000,110010100011,10000000001,0010000001,100010110,11001111,1100001,001000,00010,1100,100,00,1,
10000011101000,0000000001000,100011000010,10101000011,0101000000,100010110,01000111,1100010,001100,00010,1100,100,00,1,
10000010100010,0010111001100,100010000010,10010000011,0111000001,100010110,01000111,0000010,000000,00010,1100,100,00,1,
10000000100000,0000011111100,110000000011,10000000001,1110100011,110010111,00000001,1100100,000100,00010,1100,000,00,1,
10010011100010,0000101001000,110000000010,10000000011,0111000011,100010111,01011101,1000000,000000,00010,1100,000,00,1,
