01000001100110,0000100101001,001000101100,00111000011,0010000100,000011000,00100011,1000100,000110,01010,1001,001,00,0,
11000001100100,1000000101001,001000001100,00110000011,0011000100,000011000,00100011,1000010,100110,00011,1001,001,00,0,
00010001100110,0000000101001,001000111100,00110000011,0011000110,000010000,00100011,0000010,000010,01111,1001,001,00,0,
11000001101011,0000000001001,001001001100,10110000011,0011000110,000011000,00000011,0000000,000110,00011,1001,001,00,1,
01010001100010,0000100101011,011000100100,00110000011,0011000100,000111000,00000011,1000010,000010,01010,1001,001,00,0,
01010101100110,0000100010001,001000101100,00111000011,0011000100,000011000,00110011,1000000,000010,11000,1001,000,00,0,
11000101101010,0000000101001,001001011100,00110000011,0011000110,000010000,00100011,0000010,000110,00001,1001,001,00,0,
00010001100110,0000110101011,001000101100,00110000001,0011000110,000011000,10000001,0000010,000010,01110,1001,001,00,0,
10100001100110,0000100101111,001000001100,00111000011,0010000100,000011001,00000011,1000100,000100,00010,0001,101,00,0,
10100001100100,1000000101101,001000001100,00111100011,0010000100,000011000,00100011,1000100,000100,00011,1001,001,00,0,
01000001100100,0000101110001,001000101100,00110000011,0010000100,000011000,01000011,1000110,100110,11000,1001,000,00,0,
01010000101100,0000100111001,001000011100,00110000001,0011100100,000010000,11100011,1000010,100010,01000,1001,000,00,0,
00000001100110,0000100001011,001000001100,00110000011,0011000100,000011001,00000011,1000010,000110,01110,0001,111,00,0,
11010001100100,1000000100001,001000001101,00111000011,0011000100,000011001,01000011,1000000,100011,00001,0001,001,00,0,
01000001100100,1000001111001,001000111100,00110000001,0010000100,000010000,10000011,1000110,100111,00000,1001,000,00,1,
00010001100100,1001000101101,001000000100,00111000011,0011000100,000011000,00000011,1000000,100011,00101,1001,001,00,1,
01010000101000,0000100101001,011000001100,00110000011,0011100110,000011000,01100011,0000010,100010,01000,1001,001,00,0,
00000011100110,0000100001011,001000000100,00110000001,0011000100,000011100,10000011,1000010,000100,01110,1001,111,00,0,
01000000000110,0000000001011,001000100110,00110000011,0010000100,000111000,00000011,1000110,000110,01010,1001,011,10,1,
00000011100100,0000110001011,001000000100,00110000001,0011000100,000011100,10000001,1101010,000100,01100,1001,111,00,0,
0100100,00001100100,00011001000001101,101,000011001,00101,1000000100001,1000000,000010,000110,1001,001,00,1,1,
1010000011,00001100000010001100110,001000101100,00110000011,0011000100,01011,10000001,1000110,01111,010100,111,001,00,00,
010011000011000101011000111000110,0000100001011,000011001,0011000110,000011000,000011000,0000010,01110,00111000011,1001,001,00,
00010001100100,10000001001110001,001000000100,00111000011,000011100,10000001,0100,0000010,1000010,1000000100001,1001,1011100,00,1,0,1,
010001000001100100,0000100101001,001000111100,010,00000011,001000001100,10,00100011,000010,100011,1001,111,0001100,00011,00,0,
01000001100110,100000111001,00100000011000,0011000100,0001100,0000010,000111000,000110,1001,001,111,00110000001,00,0,
01010000101100,0000100111001,001000011100,0011100110,000011000,001000001100,000110,100011001000000100,01001,0000,00001100000,00,01000001100100,1000100,
00010001100110,0000110001100,01100010,00110000011,00100011,01000,01000011,0001,,011100100100,1001,000,00,0,
01000001100110,0000100101001,001100,00110000011,001110011000110000001,0000010,0000100001011,00000011100110,01000,000110,000110010000100,000111000,01000,
110011001,000110,001000111100,00100101100,00010001100110,000011000,0011100,000100,,10001110,0001100,00001,0000100101001,,00001100,0,1,,000010,000010,000100,00000001,101,00001001,00001100,100010,0010000100,000111000,000010,00101,001000001100,
1010,000111000,01100
011100000010,001100111001,001000101100,001000101100,000010000,0011000100,0011000110,0001,000110,00000,01010,1001,00,0,
00010001010,100100,001000001100,000100,00111000011,000011001,000011000,00000011,0000010,1000100,000100000111000,0001011,1001,001,0100100,
0000001000001100,0000100101001,00,00110000001,0011000100,10000001,0,011100,000110,011,00101,1001,
11000000010,0011000110,001000001100,000100,0011000110,1100,000010000,1000010,100100,00110000001,000010,1001,1001,00,0011,
0101100110,000010000101101,00110000011,00110000011,010100001,,,01000011,1000110,,000100,0001,1001,00,0,,
11000101101010,0000000101001,001000000110010011000100,1000110100110,0011000100,1000010,100010,,00111000011,1001,00001,001,00,0,
01010,0000010100,01101,001000000100,1001,0011000110,000010000,000010,000110,01000011,1000100,10,001,00,0,
01010000100110001111,00000000010011,1000000,1,000011000,000011001,11,10000001,000010,1001,1001,001,00,,
00000011100100,000010000,111,00110000001,100,101100,000011000,000111000,001100,1000010,100,1001,111,00,0,
00010001100110,000011000011001000111100,100110,00110000011,00110000011,000011000,0011000110,0001,00000011,01100000110,00011,1001,00,00,0,
01000001100100,00011,00000000001000001100,1001,000010000,0011000110,100100,1000010,0000010,11,000010,1001,001,00,0,00,
00010001100110,001000111100,0000100,,,00110000011,
00010001100110,0000000101001,001000111100,00110000011,00111000011,01010,00100011,0000010,0,00,,01010,1001,001,111,0,,0011100,0,0000100,
01000001100100,000011000,0110001011,00010,100110,00011,00000011,,100,100110,001,,,01010,00,00,,
01000001100100,00001010,001,001000100000011100,1000001101100100,00011,001000001100,000110,01010,00100,0001,001,0,00001,
00010001100110,0000000101001,001000111100,001000101100,00110000011,100110,1011100,1000010,111001,,000000,1001,00,001,
01010001100010,00000000000010,1100100011,100100110,10000011,00,000110,1000010,00,1001,000,00,
000101100100,0,001000001100,,0,,
010001000100
01000001100110,0000100101001,001000000100,00111000011,0011000100,001100000111001,00000011,000110,1,000010,1001,1001,0,1,
00000011100100,0000110011001,1011100,00110000001,0,0011100100,10000001,,00100011,,01010,1001,001,
01000001100100,000110
0011100,0000110101011,001000001101111,0011000110,0011000110,1000001110000001,000011000,0000010,01000000100101001,1001,1001,0000010,
110000011010110001100100011,00110000011,0011000110,000010000,00110011,10000001,0001,000,100011,001000000100,0000,00,0,0,
1100011101000010,00,00110000011,001001000100,00110000011,00001000000100,011,01111,1001,00011,1001,001,00,
01010000101100,00001000001101011,0110001000001100100,0001,00001110000110000011,000111000,01000011,01110,1001100110,000,010100001,0,
10010000100011,01111,0000000101001011,00110000011,
11000101100011,0000100101011,00001,00111000011,00111000011,000010000,000111000,100011,1000010,01000,100010,1001,001,001,
01010001100,01010001,001000101100,0011000100,0011000110,000011000,00100011,0,000110,11000,01010,01010,00,0,
00000011000011100100110,000100,001000101100,00110000001,1100,000011000,00010,00000000,1000000,00000,1001,00,0,0,
000100010001100100,1000000100001,001001011100,00111000011,0011,10100,0000010,00,,010100001,1000000,10000001,1001,0,0,
1101,0000100111001,001001000000100001,00110000001,000011000,000011001,1100000011,1000010,100010,,1001,001100,00,
00010,1000010,0000100000011000,001000101100,0110000001100011,10000011,1000010,00100011,1000010,01100,0011000100,01000,00,
01010000101100,001000001100,00001,0110000110000001,
01010000101100,000010010101101,0010000100,00111000011,0011000100,000011000,00100011,000110,100011,00001,01010,111,00,
0110010001010,00000011,01110,0010000011,0011000100,111,0011000110,00110011,00000011,1100,1000000,1001,000100011001100001100100,00,0,
0000100101001001,000011000101101,000111000,01000,0011000100,000011000,,11,1000000
01010101010100000010,000110,0100010110011100,0011000100,101100,1000010,000010,01100,010100001,01000,
000110,0000010,000011000,01110,0001100100,0010000100,0011100100,000010000,0001,01111,10,0000100,00010,0,00,0,01111,0,00,00000000,00010,00,
0000001101011,00010,00101,001000100,0010000100,000011100,00100011,000100,01010,0000000000010001100110,001,
010100001000011000,001,001000000100,0010000000001,1100,000011000,0011000110,00000001,11,100011,100010,1001,000,00,0,00100,0,0001100,00,11000,1101011,01001,
01010000101011,000010000101100,01111,001000101100,000010000,1000110,0011000110,000111000,000110,001,001
11000011000100,10,10000001,001100,0010000100,000011000,000011000,01100,00101,000011000,000010,000010000,000,0,0,00,
010100110,0000100,00001100001,00110000011,00111000011,0011000100,1000000100001,00001101100,000110,100010,1001,00,00010001100110,
11000101101010,0011000010011001,000100,0011,000011100,0011000110,1101010,000100,00000001100,1001,001100110,00,0,1,001,01000,1001,001,10100,0000100001011,101100,111,0010000100,0011000100,01010,00110000001,01000,0001100100,
00010001100110,0000000101001,0,00110000011,01000,00011,000011000,0000010,0,11,,1001,111,
00000011100100,10000001101,001000000100,0000
01100100,000110,00001001,0011000110,001000101100,0010000100,000011000,000011001,1,000110,01010,1001,01000001100100,00,
000111000,001000111100,0000000101001,100010,0010000100,000010000,00110001001011100,1000110,0011100100,1000100,01100,11000,1001,001,00,1011100,
1101000011100100,0011000100,00100
01000001100100,1000001111001,0000000101001,00110000001,0011000110,0000100001011,10000011,0000010,1001,01110,01001,001,000,000,00,
01000001100100,0000101101,001000111100,000011100,1011001011100,0011000100,0000010,01111,1001,01000,1001,00,00,
0100010100001100110,00001001010001,101100100110,10,1000010,010100,00110011,100011,0101,01010,1001,001,00,00,
01000000000110,1000000100001,001000101100,00111000011,01010,000011000,0001100,1000000100001,000100,100011,0010000100,1001,00,0,1001,
0101000010000100101001,01010,011000100,001000101100,000010,0011000100,000010000,01110,00000000,1001,1001,000,001,0,0,0,
010100011001001101110010101011,0010000011,00111000011,000011000,000011000,000011000,01111,1001,1000001100010,1001,001,00,00,
01100100,10000011000110000011,10000001,01101,00110000011,000011000,0011000100,1000110,11001,0000011,1001,000,00,
01010001000001100100,0000100001100101,001000001100,0011011,11001,00101,1011100,0000010,,000010,1001,1001,001,00,
101,10000011010001,01,01001,0010000100,0011000100,0000010,1000110,00000011,00000011000100,0001100100,001,1,00,
10100001100100010001,001000101100,01110100100001000001100,0011000110,000011000,000011000,000110,0111011,001,00,00,0
00010001100110,0000110101011,001000101100,00110000001,00111000011,000011000,01111,0,1000000,100110,01010,0000100101001,00,0,
01010000101100,000110,00001001,0010000010001100110,00110000001,001100,0000010,110011100100,001000101100,100010,01101,0011100,1001,00,
100011001011,000010000000001,0010001011,00111000011,0011000110,0010000100,000011001,000010,100011,011100,1001,00101,00,0,0,
11000001100110000001,0000000101001,0010001011,01,000011001,00001,00001001,0001100011100,010,00010001100110,001,10,00,0,
01010001100010,001000111100,01000,0100,0000100101001,001000111100,00100,000111000,0001100000010,0011,01010,00100,01000,0,
000000100010100010,001000101100,00110000011,000011001,0011100100,000011000,001,01000,10,000010,1001,00,00,,1000000100001,
01000001100100,000011001,00101,0100,0100100100110,00110000011,00111000011,000110,00001001,11000,1001,1001,001,00,
110001010110000,0011001101011,001000001100,01000,101100,0000010,00000011,000110,01110,00100011,1001,00,0,
11000001101011,0000000101001,001001011100,0,00111000011,000011001,0000010,11001,01101,11000,1001100,00,00,
01000001100100,0000100110011,001000101100,01100100,00011,00110000011,000011000,11,1001,,100010,000,0,0,0,,,
01000000100001011,100100,011000001100,0010000100,000110010001011,000010000,1000010,0000010,000110,00001,111,111,1001,1,
00010001100110,0000000101001,0000000101001,00110000011,0011000110,0000100000,000010000,000111000,011,0011,1001,001,00,
01010000101000,0000100101001,011001100,00110000011,000010000,00110000011,01000011,1000110,1000010,01010,000,1001,0011100,00,0,
0111000011000000101,0000,000010,10000001,00110000001,101,0010000100,,1000000,,0001,00,00001,001,,01111,1000000100001,
0011100,000011001000111100,001000101100,00011,0011000110,00001,10000001,11001,01010,000110,00101,01000,01000,00,00,
1010010001011001,1000000101101,0011,000010,0011,000110,000111000,00000011,1000010,1001,01010,0000100001011,001,00,0,
00000001010,01001,0000000101001,001000001100,1001,001000001100,001000000100,0000010,000100,001000101100,01000011,,00111000011,00,
01000001100100,11000,10000011,00101,00000001000111000,01101,10000011,000111000,1000010,1000010,100100,1001,00,00,00001001,00011,
01010000101000,11000,01001,00110000011,0000000101001,0011000100,10000011,001000111100,100011,01110,100011000110,0001,001,00,0,1,
01000001100100100110,000111000,001000001100,00110000011,0011000100,000011000,0011000100,000010,00,0000010,00001,1001,00,00,,
01010000101100,01111,011000010001100100,00110000011,0011000110,10000011,1000110,0000010,1000010,1001,1001,000,0,001,
100110,00001100001000101100110000001,001000000100,0011000110,000010000,00110011,001000001100,00100011,000110,00001,0011000110,1001,00,
01000001100100,0000100101001,00000000111,00100100100110000011,000110,00110000001,00000011,000110,0011,00000011,1,1001,00,0,0,1000000,
00111000011,1100,00001100000110,00110000001010001,000011001,000011000,1000010,001,000100,1001,001000001100,00,0,0,0,
01000001100110,0101,000110,00100011,0000010,0011000110,01110,000111000,10000011,100010,1001,001,000,00,0,
00010001100110,0000000101001,00001001,10000011,0011000110,000010000,001,0010000100,1000110,1001,01,001,0,0,
0000110000100001011,0000100,0000000101001,1000010,0011000100,00110000011,10000011,00000011,000100,010,000010,,00,00,11,00110000001,
0101000010001100,00011001001000000100001,0001100,00110000011,0010000100,0011000100,10000001,000010,01011,11000,11000,1001,00,
00001000110010001011,01000011,00110000011,000011100,1000000,00101,01000011,00000011,1000010,0000,01000,00011,00,00000011,
000111000,101100000010,001000101100,00111000011,0011000100,000011000,00000011,1000010,000110,100011,000010,0001100,001,00,0,10,
01000000000110,100110,001000000100,00110000001,0010000100,000011000,0011000110,11,00000011,1000110,10,0011100100,1001,00,0,
0000000011000,1001000011000011100100,00110000001,00111000011,00110000011,000011000,000011001,01111,000100,0010000100,1001,00,00,0,
01010000101100,0000100111001,001000011100,01000000,01100,1000010,001000001100,01110,0011000100,1001,001,00,00,0,
01001100001110,00001,00110000011,001001000000100001,0011000100,0000100001011,1000110,100011,00000,
01010001100001,0011100100,001000001100,00111000011,
01000001100100,100000110000110001011,01,011,00111000011,00100011,000010000,1000110,01111,0000,1001,1000110,00,0,0,1,
00000001100110,0000100001011001100,001000101100,00111000011,00111000011,0011000100,00100011,01000011,100110,1001,001,000,00,00,
01000001100100,100000110000100001011,10000011,00101,0011000110,000010000,10000011,1000110,00001000011,11000,000010,1001,000,00,
100110,000110,0000000001,0010000011,10,00110000011,1000000100001,00010001100110,1000000,0000000,,1001
0101000010000010,000110,00110000011,00110000011,01011,011,0000110001100,1101010,000100,01100,111,1001,100100,1000000,
11000001101011,0000000101001,0011000110,1,000010000,000011100,01000011,0110000000011,000011000,11000,1001,001,000,00,0,
0001100110,0000100001011,0000,,000011001,,,,0011000100,,11,,,0000,,,0001,,0001011,
00000001100110,00100011,001000001100,001000001100,000011000,000011100,01000,000011000,000100000010,100011,01110,1001,0,00,0,
100100011000000001101110011000011000,00100010000000000001000101100,0000100101001,00000011,0,00010001100110,010100001,1001,01000,1001001,00,1,100110
0101011,01000,01000001100100,001001011100,00110000011,00100011,1001,011,100011,000110,1001,1001,001,00,
00010001100110,0000000101001
01000001100100,0000101000011,001000101100,000011100,001000101100,0011000100,000011000,0000010,0000010000111000,0000110001,1001,01000011,00,0,
1000100101101,01100100,0010001100100,00100,0011000110,000011,00100011,1000000,,000000,01011,1001,001,0,
01000001100110,0000000101001,001000101100,
00010001100100,1001000101101,001000011100,0100100,000011000,00000011,000110,1000100,0000,111,1001,00,1,0,
010101100,0000100110000100100010001100110,0,0,0011100100,10000001,00000001,1000000,01010,001,001,00,
00001100000010001100,110001100001001,00111000011,100010,0011000100,0010000100,000111000,1000000,0011,0001,1001,001,000,000,
001000111100,000010000000000100000110001011,00110000011,00111000011,00110000011,0000000101001,0000010,00000011011,001000101100,11000,1001,00,0,0,
01000001100100,0000100110000011,100011,00101,00001,0011000110,000010000,1000010,
01010000101000,000010001011,001000101100,00110000011,1011100,00011,0000010,0,010100,011000,1001,000,00,,0,1,
00001001,0000000101001,001000111100,0101,0011000100,0011000110,00000011,00000011,00000011,01110,000100,111,00,
100110,000111000,11001,0000100,01100
01000001000110001001000110101011,00100011,00111000011,100100,101100,0,1000000,00100,00011,1001,001,001,001,0,
00010001100110,0000000101001,001000111100,0011000110,00001,0,00000000,00100011,000010,1000000,100011,1001,010100,0,
01100100,1000001111001,001000111100,000011001000011000,1,00000011,0000010,110000,00011,0101,00111000011,,00,01111,
00001001000010,000010011001,00100111,0011000100,000011000,10000001,100100,000,0000100001011,1001,1001,001,00,00,
00010001100110,1000001111001,0000110101011,0011000110,0101100110,10000001,00100011,0010000100,100011,00001,000010,
01010000101100,1000100,000011000011001000101100,000010000,0011000100,000011000,00100011,000110,000110,000100,01010,111,00,0,001,
01000001100110,0000100010011,0000010,0000000101001,1000010,000011000,000011100,1000000,000111000,10000011,0001,0,0,10,
,010100001,0000100001011,000110010001010,0,0010000100,00110000001,000010000,1111,,001,01010,000,0011100,000,001,
00000001100110,0000100001011,00100011,00110000011,10,011,00001100,01010000011,1000100,0001,1001,001,0,00,0000000101100100,
1100010001100110,10011100,001000001111,001100011,000011000,001,1000000,100011,011000,1001,00001,00,0
11010001100100,0000000001001,001000100100,00111000011,000011000,1000000100001,0000010,000110,00001,1001,001,001,1,00,1,
11000101110001111001000111100,001100,100110,00111000110,10000001,00111000011,00100011,0000100101001,00001,010,1001,000,000011001,0,
11000001101011,0000000101001
0000001100001001100110,001000111100,001000101100,00110000011,00110000011,,000011000,00000011,010100000011001,100010,1001,111,00,0,,0,011100,
0110010000011,00011001000000100101011,00100010,00111000011,0011000100011,00100011,000110,100011,001100,00000011,1001,000011000,00,011,0000000101001,00001,001,000010,01,0,0011000100,0101,
01000001100100,0000110101011,10000001,00110000011,001100,1000000,000011000,000011001,1000000,1000010,11000,1001,001,00,0,
0100000010000001,0000000001011,001000100100,001000000100,10,000110,000011000,000110,000010011000010,01010,01010,011,10,0000100,00110000011,000011001,01100100100,
000010000001011000111000011100,00100000110011000110,0010000100,000011000,0000010,0000,0000010,01000000011100,111,1001,00,0,0,
11000000010,0000100001011,00100,00110000011,101100,0011000100,101,1000110,100010,00000011,0001,1001,00,0,1,0,
000100011,100100,001000000100,00011,000111000,000011100,000011000,1000010,1000000,01110,1001,111,1,00,1,0,
100010001000001100,000111000,10000001,001000100111000110,0011000100,0010000100,00100011,1000100,000001111,0000,1001,1001,1,0,1,00000000,0011000100,00010,,1000000100001,10,001,000010000,0001100,00110000001,000010,001000101100,0001,0100,101100,00000101000100,00100011,00110000011,0,0000100101001,1011100,1,0011100100,1,0,1000010,0001100100,0001,00,000011001,001000001100,000011100,0011000110,0010000100,0,001000101100,
11000101101100100,001000000100,0010001011,01,00011,00110000011,00000011,000110,1000010,01000,1001,1001,
100110,0010000100,0000100101001,00000011,00110000011,0011100110,000011000,00110000011,00000011,00000000,1001,1001,1001,0,00,,
0000100011,000010000,001000000100,001000000100,0000100000,000011000,001000001100,100011,01110,100010,111,1001,001,1,0,
01000001100100,1000110,000011001,011100,01010,11000,00100011,0010000100,01000011,01100
0001,000110,000110,0011100,0011000110,000010000,00011,000110,1000100,01111,01010,001,0000100101001,000,0,0011000110,
00010001100110,0000000101001,001000111100,00110000011,0001100100,000010000,000011000,0010000100,000010,0000010,1001,001,1001,1,0000011,
10001011,00110000011,001000101100001001011100,0011000110,000011000,1000000,00111000011,0000010001100,11000,001000111100,00,001,
0000001101011,0010000100,0110001100100,0010000110000011,10000001,101100,111,00000011,01110,100011,00011,1001,00,
010010100010001101,001000101100,00110000001,000011000,000010000,10000001,000010,000110,01110,0001,1001,00,00,0,00,
01000011100100,0000000101001,011000001100,0000000000001,00111000011,
100110,000010000,0000100101001,0010000011,011,001000001100,000010000,0000,0000010,1000010,00001,1001,001,001,00,
01,11000,0011100,001000101100,01,0010000100,0011100100,01000011,
0101010101001000110000000011,001000101100,00110000011,00111000011,000011000,001100011000010001100110,000100,1000010,00100,1001,00000001,0011,1,000,
1100010110011100,00010001100100,001000101100,001101101,000011000,0010000100,000111000,101100,01101,1001,1001,00,01000001100100,0,0,01010,0001100,1001,000010,1,0,1001011,10000011,
000010,000110,000010001001,00110000011,000011000,100100,100,1000010,1001,1000010,001000001100,0101,00,00,0,
1100000110,0011001100011001000100110,00111000011,0011000100,000011001,00100011,001000101100100110,00000,1001,001,0,00,001,0,0000010,0011100,00000001,0100,00011,1,00001,
00000,100100010111100110,00110000001,0011000100,0011000100,000010000,11000,00111000011,0000
101100100,10010001110,00010001100110,00111000011,00111000011,1000000100001,00100011,00110011,000110,11000,1001,001,000,0011,0,
0101101011,0000100101001,011100,011,00110000011,10000011,10000011,1000110,0001100,00011,1001,01100,001,0,1,0,
111100,01101,010100001,00110000001,0011000110,000,0000000101001,000111000,00000011,1000010,000010,1001,000,00,0,0,
0101100110,0000100101001,0000,001000001100,000010000,000011001,10000011,01101,000110,,100010,00010,1001,1,0,11,,
01010101100110,000010011001,001100000011100,0011000100,110010000,1000010,01000,,00010001100110,10100,1001,00,
00000001100110100110,00010,001000101100,00110000011,000010000,0011000100,000011000,1101010,00011,0001,1001,00110000001,00,
101110000110000001,0000100001011,001000101100,1011100,000010000,000011000,10000001,01100,0000010,0011100100,00001,0011100,010,0,,0,
00010001100110,011001000010,000,001000101100,0011000100,000011001,10000011,10000001,1001,000100,000010,1001,011,00,0,0000000101001,
11000011100,00001100011,001000101100,00110000001,001110000111000000100001,0101011,01100,101100,1000010,0000010,1001,001,00,00,0,
00010001100110,011001,001000111100,00110000011,0010000100,00000000,0011000100,01000,01000001100100,01110,000010,00100011,001,0,
01000001100100,100000110001100,001000101100,
11010001,0000000101001,0011000100,0010000100,0010000100,00110000011,0011000110,100100,1000000,1001,111,
01000001100100,01100,001000111100,010,00110000011,0010000100,000011000,0000010,1100001100,0001100100,000010,1001,00,0,011,
0111001011,00100111,0101,0001,0000110101011,001,0000010,100011,01010,00000011,001,000,000,00,001101,001000000100,1001,0,00000001,0001,0,01111,0000100001011,,00,
01010001100,000010001110001,011000000100001011,0010000100,010100,00100011,1000100,1000000,0000,000110,1001,00,,
00011001000100000011010,001000111100,01100010000000001,000010000,10000011,00110011,00110011,1000010,000010,1001,00000001,00,
11000001101011,1000000101100100,001000101011,00110000011,10,00001000001011,00100011,1000010,000100,01000,00011,001,01110,0,
0101000010101011,0000100111001,001000100,
011110000000110,000000000101101010,00111000011,0011000000100011,000011000,000011000,00000011,011100,00110000011,001,00011,,0,0,,
1010000010001100110,001000001100,0011100,001000101100,0011000100,0,000011000,0000010,100010,000011000,000100,111,100011,00,10000011,0,
00000011100100,0000000101001100110,001000101100,00110000001,0011000110,000011000,000111000,11,000011000,00000,111,00,00,00,0,1,
01000001100100,10000011000100,001000101100,00110000001,001000111100,1000000,000011000,1000010,1000110,0001100100,0011100,111,1001,0,
00000011100100,001101,001000101100,0011000100,1000000100001,10000011,0011100100,000010,1000010,000010,111,000,0,0,00,
00010001100110,0000000101001,001000111100,00110000011,001000101100,100010,000011000,,00110000001,00001001,,001,1001,00,0,,0,0011,
0001101011,000,0011100001101100100,00110000011,0,0000010,,1000000,100011,1000010,000010,1001,001,00,
01010000101100,10100,0000000101001,00110000011,0011,0010000100,00110000011,0000010,01100,000110,00000011,111,,000010,00,00110000001,
0011000000111001101100100001000001100,001000001100,00111000011,000011001,00000011,00000011,000110,1000010,01010,100011,00001,00,
0110111000,00001100010001,
000111000,01110,001000111100,0011,00110000011,11000,0000110001000010,100100,00100011,000100,11000,1001,001,00,
0000000110,1100010001101,00110000001,0011010100,1000010,000011001,1101,1000010,001000001100,00,1001,1001,
0101001000000100100110,101011,0001101101010001100101110001,000010000,1101000,1000010,00101,1001,1001,001,0,0,1
00010001100110,10000001,0000000101001,001000101100,00110000011,,000011000,10000011,01,001000101100,01110,000,111,00,001,
0101000110001010,000000000011100,001000011100,00110000001,000011000,0000010,,00100011,,01010,000110,1001,1001,01000,
110001011000111000,0000100101011,0010000110000001,1100,0011000100,000111000,000011100,00000011,00000011,1011100,1001,0000100101001,011,0,
01010000101100,0000100100110,001000101100,00110000001,0000,0011100100,00100011,000110,011,11000,11000,0000100101001,0000100101001,0,0,
1101000101000001,01100100,0011000100,000011001,0011100,00000000,01000011,01111,0011100100,00001,,00,0,
000000011101011,1000010,00110000011,01,00111000011,0011000100,10000001,000010,1000000,0000000,11,1001,00,0,
11010001,010100001,001000011100100,00111000011,0011000110,0011000100,1000010,01000,1000010,000100,01100,1001,001,00,0,
00000011100100,0000110001011,001000000100,01000001100100,0011000100,000011100,0011000110,000111000,01111,000010,11000,00,001,0,0,
010100010001100110,0000111000100011100100,00110000001,1100,000011001,0011000110,00100011,00001,01110,001000001100,100011,000100,001,00,
01010001000,0000100101001,0110000100001,011100,0011100,000011000,1000010,00000011,01110,01100,00110000011,1001,00,1,
01010101100110,0000100101001,00100011,00110000011,0011000110,000010000,00110000011,0000010,01110,1001,111,001,111,0,
0100010010010111001001,0010001101,001000101100,101100,001000101100,000111000,1001,00101,000010,1001,001,00,01100100
111001,
000111000,1100,0101011,10000001,00110000011,000010000,000011000,100100,000010,01111,1000110,1001,1001,0,
01010000101100,010101011,001000101100,00110000011,0010000100,10000011,00111000011,1001,,000110,0000,
01000001100100,000010111000001100100010001,00111000011,0011100110,10000011,000011000,1000000,0000010,000010,01010,001,0011000100,
01010001100010,0011100,001000101100,00110000011,0011100110,1000110,000111000,000011000,000110,001100,00100011,1001,01010,00,
01000001100110,01011,001000101100,00110000001,1011100,,000011000,0000010,000110,1000010,00000000,1001,0,00,0,
01010000101000,000100,01100001000011100,00110100011,000010000,1000110,000010,1000010,00101,1001,1001,00,1,00,
0101000111000100011,0000000000110000011,0101011,00110000011,00000000,000110,000111000,01000,000110,100011,01011,,0,0,0,
01000001100100,100011,01110,0011000100,001000101100,0,00,0000000101001,1,01111,000010,1001,001000000100,0,
11010001100100,0000000101001,001001011100,00110000011,00110000011,0011000100,01100100,000011000,1000010,0000000101001,
01000001100100,000,0000000101001,100110,00110000011,01010,000011000,01000011,1000110,1000000,001,001,000010,00,0,
00010001100110,00110011,00001001,001000101100,00110000001,001111,000011000,00001,0000010,01110,1001,100011,00001,001,00,0,0011100,
00010001100110,000011010,001000101100,01110,011000,000011100,0000010,0000100011,01110,01100,1001,001,0,
0000001101100,01010110000100101001,0001100,0000100001011,0011,0011100100,0000000101001,000111000,000100,1001,000110,001,100,0,0,
00010001100110,001000111100,00001001,001000010000100011,00110000001,00100011,00011,1101011,000100,100010,100111,1001,011,
11000101101010,0000000101001,00000011,00110000011,000010000,0011000100,00101,1101100,1000010,01101,001,1001,0,0,0,
010100011000110001010,11001,0110001100100,000010000,000011100,0000100001011,1101,000100,10000011,10000011,1001,0,1
0000000011000,00111000011,011001,00110000001,1001,00100011,000011001,1000110,1000000,100011,1001,0,00,
00000011100100,0000100001011,0010000011001000110,00010001100110110,0001101010000100011,0000000101001,,100011,1001,1001,01010,00,,1,
0000100000011000,100010,001000001100,011000100,0011,00001110001101,000011000,01100,1000010,11000,0101,1001,00,00,011,
11000001101011,0000110010011000010,11001,00011,0011000110,00011,00,1000000,00,00000011,1001,00,,
0101100010,11000,00111000011,00110000001,00111000011,000011000,00110000001,000110,01111,,11000,,00011,001,00001100,,0,
01000001100100,0000110101011,10000001,0000000101001,0001100100,0011000110,000010000,,1000110100110,01110,1001,10011000110,0000100001011,00,
00110000001,10000001,0000000001011,011,00110000011,1011100,100000000000011,,1000000,01110,11000111001,01001,0,00
0111001000110100110,0100011,001001001,00110000011,00110000011,00100011,11000110,,,0000000101001,00111000011,,1001,011,10,
10110000011001001000010000,000100,0000100100,0011000100,000011000,000011000,01110,1000000,0000,000110,011,0,11,0,
000010,001010000,001000000100,001001001,00110000001,00110000001,000011000,11100,01110,01000011,01010,100,01011,00,
1010001100010,100011100110,00110000011,00110000011,000010000,000011000,01000,001,0101011,000010,1001,001,0,11001,0,
01000001100110,1,010,00110000011,00111000011,000011000,011100,1000100,000110,00000,1001,1001,00,0,0,1,0000010,10000001,1000000,,00,0,1001,000100,0000000101001,010100,1001,1000010,0011100100,00111000011,01000011,0010000100,,00100011,
010100001001000001100,0000100001011,001000001100,00100011,01000001100100,000011100,0001100100,01100,00100011,1000010,00010,111,01100,00,0,0,
01000001100100,01100,000010,10000001,,0010000100,,,000010000,000,1000110,100011,001100,1001,0,0,0,
01010001100010001100110,1000000100001,001000101100,0011000110,000010000,000011000,00010001100110,10100,0100,000100,1001,01010,00,0,0001100100,0,
10,1000000,0000000001100100,,00111000011,
00010001100110,00101,00000000,0000100,
00010001100110,0000101100100,001000101100,00100011,0010000100,000010000,01110,00100011,000,1000010,00101,01000,00,0,
01010000101100,0000100111001,00110000001,00001001,001100011001010,0011,1000110,00,10000011,1001,0101011,0101011,
1000101100,011100110,0010001010,0010000100,0011000100,10000011,100100,000010,01110,1000010,1001,111,00,001,0,
00010001100110,000010000,000000010100101000001100100,000110010000000001,00111000100,000011,000011000,00100011,00,0011000110,1001,1000000,00,001000,0,
01000001100100,001000101100,0000100101001,100,000110,0011000110,10000001,01,
000000000001100,00001000001100,001000011100,001000000100,000011000,00110000011,1100101,100011,0000100001011,01010,1001,00,000011000,
010100110,0000100001011111,010100001,0000100101001,011,00,0001100,1001,0,,1001,111,0,001,0,
00010001100110,00111000011,011,00100,0011000110,0011100110,0000010,00100011,0000010,,100011,001,1001,001,00,000100,
01010000101100,0000100100110,001000101100,010001,0011000100,10000011,01100,000010,00100011,100010,1001,001000000100,00,00,
0001,0000101111,001000101100,00110000001,0011000110,000010000,0011100100,001000001100,000100,000100,100110,000,001,0,
00000001010,0000100001011,001000001100,000100,0010000100,00100011,10000001,000011000,01010,100011,100010,01010,1001,111,1,0,
010010,0000110001011,01110,00110000011,1011100,0011000100,000010000,00001100,100110,01100
01010000001001,000000000101101010,00110000011
01000001100100,00000001,01101,001,011001100,000011001,00000011,
1101000101011,0000000101001,00100001100,00110000011,01001,00000011,000110,10000011,01110,000100,01100,0001,1001,00,0,1,
11000101101010,0011000100,0010001101,00111000011,000011001,0011000100,00101,000110,01110,001000000100,1001,111,0000010001100110,0,
010000000001,0000100101001,01011,0110000000001,0010000100,1100,001000001100,00111000011,00000011,100011,100011,1001,001,00,0001100,
01001100001100000110101100100000010001010,11100000001,000010000,000011000,001000001100,00000011,1000000100001,00001,1001,001,00,0,
01100100100,0000100100,001000111100,0011100100,000011100,000110,0000,11,100110,1100,10000011,01110,001,00,0,
10,0101,001000111100,001000101100,00110000001,01010,0011000100,10000001,11,0000010,01010,1001,000,001,
1100001000001100000100,00,001000010001100100,100100,000011000,00011,100010001110,000100,01000,000110,000100,001,00100,0,
0001000100,1000100,01001,00110000001,000100,00111000011,0000010,1000010,00000011,1000010,100110,111,001,0,
0100101000,00001001000000100001,001000101100,01111,00110000001,000100,010100001,1000100,000110,01110,01001,1001,000,00,0,
00101100110,00111000011,001000001100,00011,0001,000010000,00000011,,100110,,100010,1000010,1001,1001,000011,0,1,
110001010,0101000011100,001001011100,001101100110000011,01101,0000100001011,000110,01010,001,1001,00001,0,
10110001010101100110,01100100,00110000001,0010000100,000010000,000010000,00100011,00000011,1000100,1001,00,00,1,0,0,
100110,00110000011,00010,001000101011,000000110000010,01100100,101100,00000011,01110,01000011,,100011,1001,00,
10001011000011000011000110,001000001100,010100110000001,001000001100,1000000,0011000110,001000001100,0000010,0000001000111100,1001,1001,000,0000000101001,0,1,0,0010000100,
0100000010000000100000011000000100001,00100011,00111000011,0010000100,000010000,00100011,000110,01110,000010,1001,000,001,00,0,1000000100001,
0011000100,01011000110,001000001100,00110000001,000011000,0011000110,10000011,00000011,000010,01110,00011,1001,00,00,0,0,
00111000011,000010000110000100101011,000110010000111000011,0010000100,001000001100,00001,000011000,10,01010,000110,01010,001,0,
0100010100100110,00001000100,001000000100,0011000100,0011000100,01010,000111000,00000011,100,000100,0,00,0,,0000100001011,
0000001100001000000,000000000001100100,00110000001,00110011,000011000,00000011,1000110,000110,0101011,00011101010,001,00,0,
11000101101010,001000111100,00100
0000100001011,100110,001000111100,000,00110000011,0101011,000011000,01000011,1000110,01110,00,1001,000,
00000011100110,0000100001011,001000000100,01101,111,000011001,000011000,1000110,1000000,,0001,1001,0000100101001,0,001,0,
010100001,01000001100100,0000000101001,00110000011,0011000110,0000010,000011000,01000011,01000001100100,0000010,000010,1001,000,1001,00,0,
110001011100110011000010000,0010000111000011,00110000001,0100,00111000011,0000100101001,0000010,00001001,1001,000011000,000110,00,0,
00000001100110,1000000100001,00011,00110000001,00111000011,000011001,00000011,1000010,00110011,0011100,0001,00011,00,0,0,0,
1101001000010,1000000100001,0010001011,00110000011,00110000011,000010000,1000010,000011000,001000001100,01010,10011000110,00,
00000001100110,0000100001011,1000010,0010000011,00111000011,0011000100,0010000100,10100,,0000010,100110,01010,000010000,1001,00,001000001100,
01000000000110,0000000101001,011,00110000011,001110000110011000110,10000011,0000010,1001,001000101100,000010,1001,1001,00,1,
0100000100,000010000101110110001,0000100001011,0100,0001,10000001,1001000100,00010001100110,100010,11000,001,00,0,
000011001100110,0000100001011100110,00110000011,0000100001011,0011000110,000011000,0000010,1100100011,100011,000010,1001,1001,00,0001100,0,
01100100,0000101100100,01100101100,001100110,1,000010000,0000010,100010,01110,0001,111,000,0,0,0001,
01010001100110,0000100101001,0010000100,0010000100,001,000011000,0011000110,010100001,1000000,01010,1001,001,0000101011,000,
0000000011000,000010001011,00100
1100000111000010,1000000100001,00110000011,00000000001100,0011000110,00110000011,000010,000,01110,1011100,1001,0000010,000,00,00,
100011001100010,00000000001000101100,001000100100,00110000001,000011000011,000011000,000110,00101,01010,01010,001,,00,0,
01000000000110,000010010,001000011000100,0001100,001000111100,00000000,011,0000100,1000100,100010,0000,1001,,00110000001,01110,
0000000110,01000011,10000001,001000101100,0011000100,0011000100,10000011,0100,000000110110101,00001,01110,111,1001,00,
01010000101100,00001000011100001001000000100110000001,00111000011,001100011001,0011000110,1000110,1000000,000010,1001,001,0,1,0,
00000100011001000001101,0010000110000001,000011001,0000000101001,00000000,001000111100,1000000,100011,0001,1001,00011,1001,0,
01000001100100,00001011100,000,001000101100,0010000100100110,1000000,001000001100,10100,1000000,0101,01000,01010,1001,011,001000111100,
01000001100100,10100,001000111100,0011000110,00110000011,000010000,10000011,000010000,000010,100011,10100,1001,001,000,00,0,
00000011100110,0000100101001,01100,00110000011,0011000100,0011000100,101,01000,000100,,1000100,1001,0001,0,00,
101,11000,1000000100001,00110000001,0001100,0010000100,0011000110,00100011,100100,1000000,00000011,00001,1001,00,0,0,,
00000001100110,00111000011,1000000,00100010011001,00110000011,000010000,1000110,000000110101011,001000000100,01010,000111000,001,00,
01000001100100,1000000100001,00001001100110,01001101010,00110000011,0010000100,0000010,100010,1000100,100010,01010,0001,1001,00,0,
01010000101000,000010001,001000101100,001000101100,10100,000011000,01,011,00000011,01100100,000110,1001,000,00,0,
01000000100101011,00000000011100,00110000011,0011010001101,10000001
100100000010010000110010101011,0000000101001,00110000001,0011000100,101100,0011000110,01100,0000010,000100,001100,1001,00,0,
11001010001100100,0000000101001,011011,01100100,00000011,0011000110,00101,00000011,01110,001,000,0100,1001,
1100000011000,0000100001011,011000,00110000011,100110,0011000100,000,11000,1000000,0000
01000001100100,0000000101001,01110,00110000011,01,0100001100,000011,00100011,11000,000110,1001,1001,00011,100011,
01010000101100,0000100101001,0110011000,00110000011,00100011,0000010,0000010,000010,01111,000010,1001,000,00,
0000001101,00010001100110,0,00110000001,000011100,000010000,00000011,1000110,
00010001100110,000011001000111100,00001,00110000011,0011000110,000010000,000010000,1000110,000010,000010,00011,1001,00,0,0,0000,
00000011100110,101100110,10000001,00110000011,00111000011,000011000,01000011,1000100,0000010,11000,011100,1001,001,10100,0,
011001,10100,00110000001,001000001100,00110000011,0011000110,000011000,00110011,100011,011,00101,00,1001,0,00,0,
01100100,0000101010111010,001000100001100,0000010,0011000110,00000011,001000000100,000110,00101,00011,00110000011,0000000101001,0101011,0,00110000001,
00010001100110,00001100110000001,000010000100011,00110000011,01111,000011000,01000011,0,,100011,0001011,0,
100100000100100110,000000000011000110,00110000001,00111000011,000010000,10000001,1000110,000110,01111,00001,001,001,0,00,
110000001100110,0000100101001,000110,0100,10,000011000,0011000110,00110011,00000011,0000000110,1001,1001,00,0,
01000001100100,0000000101001,001000111100,00110000011,0011000110,001101,000010000,0011100100,000010,1000100,000010,1001,1001,00,0,
010001011100000110101101001001011100011011000,0011000100,01111,1,01111,00110011000010,1011100,10011011100,00,0,
010000000000100110,000010001000001,00110000011,00001100,000011000,01000011,000010,100110,00110011,1000010,1001,000,00,0,
10100010100000010000,0000000001011,000111000,0011000110,000011100,000011000,00000011,01000,01100,11,1001,00,0,1,
000011000,11001,10,001001001,00110000011,0011000100,0000010,0011000110,01000,0011100100,11,000011000,00011,00,
00000011100100,000011001100,000011000,10000001,001000000100,000011000,000010000,111001,1000010,000010,1001,111,00,000,
0100000000011010001110,000110,0010001000001100100,000010000,000010,000010,01101,000100,0001,1001,000,001,001,
01000000011000000100001011,0110001,001000101100,00111000011,000010000,10000001,1000100,0000100001011,000010,00001,1001,001,00,010,
0000001101010011000,00000000001000000100,0010000111101010,0011,001000101100,1000100,0001100,0000100,1100,1001,001,00,0,1,
1000101000010,000010011001,010100001011,0011,0011000110,00000011,1000010,00000011,01110,000011000,1001,00,00,,0,
00011000101011,0000000100110000001,001000101100,001000001100,001000101011,000011000,00100011,00001,1000100,01010,1001,001,001,00,0,
01010000100001011,0000110101011,001000000100,00110000011,10000001,01011,01000011,000011001,100110,11000,000,1001011,00,0,,,
00000011100110,000010011011,00110000001,00111000011,0011000100,000011000,,11,,01011,0001,1000100,0,00110000001,00,0,
0100100011001000,00111000011,00110000011,00110000011,1100,000011000,0010000100,0001,000110,001010,1001,001,1001,00,
01010000101100,1011,1000000,00110000011,000010000,0011000100,01100100,00,0000100,000,100111,00,0,
00111000011,00110011,000011000,1000110101011,101,0011000110,100100,00000011,1000110,01110,000,00011,00,0,
00000000100101001,001000010000011100,000011000,00010001100110,01000011,000010000,01001,00000011,100011,1001,1001,000,00,00,0,
11000000010,000010011011101100,00110000001,000010000,000011100,000011001,1000110,0011100100,000010000,1001,000,00,0,
00011001000001100100001000000100010111000100,00001,000010000,00111000001101011,0011000110,011000010000100,1000010,000010,10000001,00001,100100,1001,0,1,011,00111000011,1000000,001000101100,00001,00,
010100001100110,0000100001011,10000001,00110000001,0011000100,00,000010,01000,010100001,,
101100010001100100,11001,0010001011,0100100,00100011,000011001,000111000,010,000010,00001,01010,001,01100,0,
01100100000010,0000100001011,01,0100
001010,100100,000011001,00100000,0011000100,0011100,00100011,0000,00000011,100,01010,1001,1001,00,
01000001100100,010,111001,001000011100,00110000001,000011000,0000010,0000000101001,0000010,000000000001,000110,00011,,01111,,00,
010100100100010001100110,000011000100,0010001011,0000100001011,0011000100,01000011,1101001,1000010,100010,01010,01000011,001,0,0,
000010011001000101000101000001101011,00001000100100,001000000100,0011000100,00111101010,000111000,1000110,00001,100011100110,000010,111,1000000100001,01111,1100100000011,
01010000101100,0000100110001100,0010000111100,000011100,10000001,1000010,0010000100,100011,0001,1001,1001010,00,0,
11000001101011,0000100001001,01011,0011000100,010100001,10000011,00101,00000011,00000011,000010,01010,00,001000000100,0,0,
01000001100100,0000101110001,001000101100,001001001,00110000011,0011100100,01100,10000001100110,0000,000110,1001,001,00100100,0,
101000011001100,100000011000010,1000000,00110000011,000010000,0000111100,010,00100011,001,0001100,100111,
00000011100110,11,010100001,,00110000001,0010000100,,000011000,,111001,,0001,001,000,0,00,
00010001100110,10000011,001000111100,0000000101001,000110,000010000,001,000011000,,000100,,,00111000011,100110,001,00,10100,11,
00010001100110,0000100,00000001,00100,00110000011,0011000110,000011000,0011100100,000010,100110,00000,1001,00,00,001,0,
11001000000100001,100010111001,001001011100,00110000001,00110000011,00001100,0110000010,0000010,00001,100010,1001,1001,00,0,
010100001100110,0000100001011,1001,0011000110,1011100,000011100,000011000,000010,0000010,100,1001,01000,001,00,00,0,
01010101100110,100110,001000101100,1001001000101100,10000011,000011000,000011000,001,01010,000010,1001,1001,0,01000011,001000000100,
00010001100110,0000000101001,
10100000100,10000001101001,001000000100,0000111000000100001,0000,00100011,000011000,1000000,1001,00110000001,1001,0,00100,
0011100100,1000001111001,0101011,00110000001,0010000100,000011001,10000001,000010,000,01110,01100,111,00,0,0,
1011000000100100110,01111,00110000011,00110000011,0001,000011000,1000100,
0110010011010001,000,0010000100,10,000011100,001000101100,101,1000000,100011,00001,1001,001,0,1,0,1000000100001,
0101010110000001,000101011,001000011100,01101,00011,0010000100,1,000110,00000011,,01011,,,00,,,,,0101011,,,01000011,10,,
01000001100110,00111000011,000010,0011000100,0001,00110000001,0011000110,11,01111,01010,1001,001,00,00,0,
11000001101011,0000000000110000011,001000011100,0010000100,000011100,0011000110,1000100,1000000,1001,1001,1001,001,000011000,0,
11000101101010,0000000001001,100000110010000100,00111000011,100110,1001,00011,1000000,00001001,1001,001,001
01000001100100,0000100101001,0000000001001,01001,0010000100,101100,000011000,0000010,000011000,100011,00101,1001,01010,,0,
00010001100110,0000000101001,001000111100,001100011000010,00110000011,0011000110,010,0000010,0001100,11000,00101,1001,00,001,0,,
00000011100100,0011100110,001000001101001100,0011000100,10000001,000111000,0000010,1000010,000100,1001,00,00,
010100001000,010100001100100011,0010001,1100,000011000,000010000,110100,01100,010100001,1001,001,00,00,
000010010100111000110010001010,00010,00110000001,1000100,10,00110000001,1000010,000110,1000100,000011000,111,00001,001,00,
10001001100,10,1000110,000011001,00011,000011100,00100011,0111100100,001100,00001,1001,01000,00,00,
00000011100110,0000100001011,00010001100110,00110000001,0011000100,000011100,011,01011,1,1000100,01000001100100,1001,1,0,01011,
1011100,0000010,01,001000010000100,100,00,0011000110,000011000,0000010,
1100010110001,0000100101001,001001000100,000000000000010,00110000011,0010000100,01000011,1000000,01010,100010,1001,00111,0,0,
00010001100110,000100,01000,001000000100,00011,00000011,0011000110,0010000100,1000110,01001,11000,1001,000,00,00,0,
0001000011100100,00100011,000100,10000011,0011000100,000010000,11,1000010,101,01110,00101,111,111,0,0,0000100001011,
01000001100100,01000001100100,001000111100,0010001011,0011000110,0010000100,01111,1000100,100010,00001,000100,01010,1001,001,00,
01010000101010,00010001100110,0011,00100011,0101,000011001,10000011,1000010,0000010,01110,00101,001,00,01111,00,
010010110011010100001010101001,01100010000000000,0011000110,000010000,00100110001,000110,0001,1001,000010,001,0,
01010000101000,100100,001000000100,00110000001,0011000100,011,000011000,10000011,1000100,100011,1001,1001,111,00,00,0,
000100010100010,0000000101001,10000001,00110000001,000010,0011000110,0010000100,10100,00000011,100011,001000101100,100010,00,
11000101101010,0000000101001,001000101100,001000100,0011000110,0010000100,0010010000011,000010000,01100001000001100,1001,1001,001,0,0,100100,00011,00100011,111,0,0011000100,01011,1,0011000100,00101,001000101100,0000010,
11000101101110,0000000101001,001000101100110,00111000011,0000000101001,0000010,111001,000110,000100,001,10010,00,0,
0101100100011,01101100100,001000000010,00110000011,0011000110,00010,0000010,100010,00,0001,1001,001,001,
0101000010110000100011,001000111100,001000101100,00110000001,,0011000110,001100010001010,00,0000010,000110,001000101100,1001,0,,00,0,
00010001100110,0010000100,010,0010000011,00110000011,1,1001,0000010,00000011,1000100,100100011,10100,00,
01010101100110,0000110011100110,1001,0000100101001,000011000,0011100100,000010,1000000,00,0000010,1001,00,00,0,1,
00000001100,0000100101001,001000101100,0010000100,0010000100,00000011,0000010,1000100,00000011,000110,1001,1001,00,111,0,1,
1101111,00001100,1,001000001100,000011100,00110000011,01010,01100111001000011000,100010,100,1001,001,0,
00010001100110,0000000101001,001000,,001000101100,001000111100,000011000,
010100001001,001000111100,0110000100001000000100,00110000011,000010000,000111000,01000,0000010,01110,0000010,100010,00,00,
11000101101010,00001000100,101,00111000011,00110000011,10,00100011,0000010,1000010,00001,111
0101011,10000011000110,001000111100,0010000100,0011000110,000010000,01110,00110011,000110,01110,00101,111,001,
001110000,001000111100,00000011,00110000001,00111000011,000011100,100110,000011000,001,1000010,01,0101,111,,0,
00000011100110,10010001011,0010000011,000011100,000011000,0011000100,1000010,000110,01110,01100,1000100,00011,00,
01010101100110,1000000,1011100,0,
00000011100100,00001110001000,0011100,00110000001,00111000011,0011000100,01101,11100011,100011,00001,1001,111,001000000100,00,
11000101101010,000010000001100,1000000,0011000100,000011001,001,1000010,000110,1000100,00111000011,0,000,,0,001100,001,
101001100,00011001011,00100001000111100,00111100,011000010000100,1100,0001100,00011,000100,1001,0101001,00,0101011,0,
0000100101001001100011110100100,000010,01000,000011001,10000011,0001100,000110,1000100,000010,111,,0,00,0,
0101011,000010000110000000101001,10000001,001000011100,000011000,000011000,00110000011,0000010,000100,00100,1001,00,000,0000100101001,
00010001100110,000010,0010001111001011100,01,00111000011,0011000100,001000000100,00000011,10,000110,01000,01101,00,0011000100,1,0,
01011100110,0001100,001000101100,001000000100,001100010011,0011100,0011000110,00,1000000,000010,01000,1001,0,0,0,
010100110,0000100001011,00100011,0011100,00111000011,00110000011,000011000,1000010,00000011,01110,00101,1001,11,0,000,
00010001100110,001000101100,001000111100,0010000011,0011000110,000011000,0000,000111000,1001,1000010,100010,001,00101,00,1000000,
100110,0000000101001,0000100101001,0000010,00110000011,00,0011000110,0000010,000110010001010,1000010,1001,1001,001,00,00,0,
0000100000110000000101001,0000100101010,00110000001,00111000011,0011000100,00000011,00,00010001100110,01110,1001,1001,1,0,
010101010101100110,10,00110000001,100010,00110000001,0011000100,00000011,000110,0111000010001100110,
0011100001100101,0000100001011,001000001100,000011100,0011,00110000011,10000001,0011,0000010,000100,01000,01010,1001,0,00,0,
010100001001,0101011,0,0,0011000100,011,10000001,,11,00111000011,,,,,,,,0,
010100011001001100101001,000110,00110000011,100010,000010000,100000110,1101010,01110,1001,1001,00,0,00,
00010001100100,0000100101001110001,001000101100,00111000011,0011000100,000011000,10000001,000111000,1000010,011100,0001,1001,00,
01010000101100,1,0000100101000,001000101100,0011100110,000011000,011001000100,1000000,0011000100,1001,101100,111,00,001000101100,00,0,
00010001100110,00000000100110,01111,001000000100,0011000110,000010000,00000011,000010,01100,1000010,1000100,1001,00,0,1,0,
00010001100110,0000000101001,0000100,0,000,0010000100,0011000100,00100011,
00000001100110,00010,001000001100,001001001,000011100,000010000101100010,0011100100,1000000,1000100,000011001,01000,0000010,0,00,111,
1100001100100,01011111,1000010,00110000011,000011100,10000001,1000010,1000000,01011,0101,1000110,0011000110,1000000,0,
10100000011100000111000,1010001010,00111001001101011,00110001101100,00100011,000011001000000100111,0001,000011001,00001,001,00,0,
000000100000110001110,011100,001000001100,0011000100,000011001,000010000,000111000,1,01110,0001,01000,1001,00,0,0,
0101000010011100100,00001100,001000101100,0011000110,100,000011100,10000001,1000010,100010,01110,000011000,111,111,
010100100110,010001,0011,00111000011,00111000011,00100011,01000011,000111000,1000000,100011,000011,01010,001,00,0,
01010000111001,0011000110,000,00110000001,1001,111,00001000001,00,,01110,000,11000,00,0,000,
0000010000011001,0000100101001,0110001101,00110000011,0011100110,00110000001,1000110,01000,001000110,0001100,000110,001,0,
011100010001101010,0000100101,001000000100,00111000011,0011000100,00000011,1000010,1000000,01110,000010,1001,001,00,00,
0000001101100100,10010000,100,1011100,0010000100,011,01011,01010,1000000,0101,000,1001,001,011,0,
00000100101010,010000110101001001,0011000110,001000001100,0000100001011,10011000110,00110000011,0001,1000110,1001,1001100,0,0,1,
0101010100001,0000100001011,001000101100,000110,0011000110,000010000,1000000,1001,1000000,01110,01100,001,00,00,0,
11001000100010100011,01001,0010010100100,0011000110,0011000100,000011000,0000100001011,00101,000010,01010,001,00,00,001,1,0,0100,00110000001,00110000011,1100101011,
110000001100110110010,01000001100100,00111100,10,001100,1000010,00000011,000100,0011100100,001000001100,11,00001001,00110011,0100,00011,0011000100,00111000011,00010001100110,11000,0011100100,000010,11000,00,000011001,001000001100,0,0,0000100,00,100011,000010000,
0101111000,1000000100001,001000000100,00110000001,00011,,11000,1000110,
0011100,10100,1000000100001,0011000100,011,0010000100,000011000,10000001,011,00010001100110,01010,1001,100010,0,0,000011100,
100000000110000001,0000100001011,001000111100,001000000100,0011000100,0011000100,0011000110,0000,000010,00000001,1001,000110,0011,00,1,
01000000000110,0000100101011,10,01000,0001100,111,1000010,000110,1000010,01100,1001,
01010000101100,0000100101001,00000101000000,00110000011,0010000100,011100010,00110011,00100011,00011,0001,111,000,00,,
01000001100100,001100100,11001,00110000001,00110000011,000011000,10000001,,1000110,01111,0000110000001100,001,,00,,
011100100110,000010000101101000,00110000011,001,0010000100100110,000011000,1000010,10100,000011000,000010,1001,000,0100110,0,
10100110000001,0000100101001,01001,00110000011,0011000110,100100,000010000,01100
100010000011,01010,001000101100100110,0011000110,0000010,00,101,00101,000,001,001,
01000100100,000000001000000,001001001110,00110000011
110001100010,000000000,000110,010100,000011100,00000011,1000010,001000001100,000110,000010,00011,1,001,0,0,
1011100,00001010,10000001,101100,01010,000010000,10000011,011,01100,01110,100010,1001,00,00,
01111100110,01111,01001,001000000100,00111000011,0011000100,00001100011,
00010,00001111001,001000101100,000011000,000011000,000010000,10000011,0000100101001,00000011,000011000,00101,1001,
0001,100000111000010,01101,0011100100,0010000100,,,000110,,
101110000011,11001,10000001,00110000001,1000000100001,000011000,001000001100,001000001100,000110,000110,1000000,1001,000,0,1,
0101011,100000111000010,001000111100,0000010,0010000100,0011000110,000010000,0000010,1001,01110,1001,1001,1001,00,
01010000100011,01,01111,011000100,0011000100,0011,101,001100110,,01001
101,00010001100110,01,
00010001100110,000111000,00001100,00110011,00110000011,0,0011000100,00100011,0000100100011,000110,01100,1001,000,0000110000011,0,
01010000101100,0000100111001,001000100100,00110000011,000011100,0011100100,0000010,1000010,100100,1100,00010001100110,00,00110011,11,11,00,,0011100100,000010,0,0,01111,01000,0,
100110,1000001101100100,100011,001000100110,0011000100,01111,100100,00010,00110000011,000010,0001,001,00,01101,00011,
0100010,00000001,01100001000111100,001000101100,0000100,001000001100,011,10000001,,000110,00011,001,
10001101000110,0110111001,00110000011,0100,00111000011,0011100100,0011000110,0011,100110,100011,00001,000010000,001,0,00,
0001000110011001011,0000100001011,
010101000001100100,00001100110,00110000001,0011000100,000011100,10000011,1000110,1000000,1000100,00001,1000000,1001,00100,00,0,1,,11001,
011100101100110,0100001101011,0010000011,00110000001,00110000011,0011000110,00100011,000110,1000110,,01010,1001,0,00,0,
010101100100,110000000000001100100010,00111000011,
010100001100100,1000000100001,00001100,0,0010000100,0,001,1100100011,100011,01100
0100000010101001001000001100000011001,00110000001,0000100101001,0011,01111,101,0000010,0000,00001,1001,1001,0,0,
010001000001100100,100011,000011001,001000001100,1000000100001,0010000100,0000100101001100,01,0100,000111000,11000,1001,000,00,0,
01010000101001100,1000001101,000,00111000011,00000001,10000001,00101,1001,101,0000,1001,00,001,001100,0,
00000011100110,0000100001011,00110000011,001100000010000010,001100,000011000,0001100100,00111000011,100110,10000011100,01000,00,00,
01010001100010,00100011110011001,00100
0100100,0000100001011,011000001100,00111000011,000100,000011000001100,00010001100110,00100011,1000100,10100,111,,1001,00,0,
000100110,0000100001011,00110000011,000010000,0011000110,000011000,000010000,011100,100010,01110,000011000,1001,001,00,
00,0000101110001,001001011100,00100011,000010000,0001,00100011,00101,01110,11000,,,1001,1001,
0000000110,001000001100,01001,1001,0011000110,0011000100,10000011,1000110,00000011,10000001,1001,1001,001,
00111000011,100000110011000001101000001100100,00000000,001000000100,0000100101001,01011,00110000001,1000100,01111,100011,1001,000,0,0,
01010001100010,0000000101001,11001,0011000100,0010000100,01100100000,01,00000011,000100,1001,1001,001,0,00,0,000100011001100,101100,01,001,001000111100,
00010001100110,000011,1000000100001,001000101100,0001100,00110000011,000011000,0000010,000010,1000000,01010,00001,1001,00,
01010000101100,0000100001011,010,0001100100
01010000101100,00001000,001000101100,00110000011,000010000,000011000,01000011,00110011,1000000,100100,0011000110,1001,00,00,0,
01010000101100,00001001101011,0010001001,0011100110,10000011,0011100100,00100011,1000010,100010,100010,1001,0010,0,
01000000000110,000011000,001000110011100,00110011,001000000100,000010000,1000010,1000100,1000100,01110,001000001100,,11001,0,
0011010011000010,010101010100,0010011001,0010000011,000010000,000010,00000011,000010,1001,00,
00010001100110
0000010100110,0010000100,001000001100,0011000110,0100,000010000,10000011,01000001100100,100010,01110,000010,0011000110,00,0,1,111,01111,00011,00,0000,,
000000011011100,00001000000001000101100,01110,0010001,000011000,00110011,100110,0000010,000100,00100111,1001,1001,001000111100,
00001001010010000000110,1000000100001,001000101011,01001,101000010,01111,0000010,1000010,000110,000110,
010010010001,1000000100001,001000011100,00111000011,0011000110,001000101100,1000010,01011,01110,000100,1001,001,001,0000100001011,0,000,0,00111000011,0000100101001,0100,0011000100,0011,0,00111000011,
100000001010001100110010,001000001011001011100,00100011,0101,00001,01111,0000,000110,1001,001,00,001000101100,
01010000101100,000110001,1001110100,00110000001,1000010,1,0000000100100,1000010,000011000,111,1001,00100,0,
01000000000110,0101011,000111000,1011100,0001100100100,0011000110,000110,100011,1000010,01100,000110,1001,001,00,00,
01010001100,000000000101101,00100001,00111000011,0011000100,000011001,111001,01110,00000011,100010,1001,00,
01000001100100,0011000110,11001,000010,01000011,0011000000101011,000010000,000010,000100,00000011,1001,1001,00,11001,11001,0,
00000011000011001,0101011,011100,001000000100,01000,0011100100,100110,1000110,01100,1000010,1001,01010,001,00,00011,0,
11000001101011,0000000001101,0010000100011,000011100111,000011000,00000011,00000011,00010,100010,1001,000011000,001,00,01011,
0000100101011100110,0101100110,0010001000011000111000,0010000100,0011000100,01100100,000110,01010,01010,1001,001,00,011,1,101100,100011,00,01011,000,0000100001011,10000011,0001,
01110000111000,0000101010,0010000010001100110,00111000011,00110000011,00000011,0000001111,0011100100,0000000,00,001,001,1,0,
011100000011000,001000111100,00001,00110000011,0011100100,0011000100,0011100100,010100001,0000010,000010,01110,1001,00,0,
010100001111,0000100001011,000010,100011,00101,000011001,000011000,00000011,1001,01110,000010,1001,001,00,,11,
11001,01011,1001000000100,00,00111000011,0011000100,0011000100,0,,1000100,000010,1001,0000100,,,,
01010000101000,0000100101001,01100010100,00110000011,0010000100,000011000,100100,101,100110,0000000110,1001,00000001,001,00,
10000000101100110,000110,0010000011100110,0000000101001,000011000,011,11100011,1000010,0001100100,111,1001,00,
11000011010011001100010001010,001000001100,00111000011,00110011,00000011,00000011,00000011,1000010,00101,01010,111,00,
01010000101000,001,0,0110011,0010000100,000011000,0000010,1000110,,,,00101,111,,,,,,,0,000011100,,00000011,,0011100,,0100,
00000011,0011000110,100011,1000110,00110000001,000010000,1000010,000010000,1000100,00000011,100010,1001,1001,00,000,0,1,
01010000101100,0000100111001,001000000100,10,00110000011,001,01100,0100,1000010,1000000,1001,001,00,00001100,0,1000110,
0111011001,01111,1001,001000000100,0011100110,0011,0011100100,000010,100110,001000101100,1000001100,1001,000,00,
00010001100110,01000011,100011,001001011100,00110000011,001000111100,000011000,01010,,01111,111,111,1001,0,00,
00000011000100100110,01110,001000101100,00100000010000,000011000,000011000,100010,000100,01110,00101,0101011,01010,00,11,
1010001000,0000100101001,001000001100,00011,00110000011,0011000100,10000011010100,110000010,000110,100,01010,00,0,,0,
0000100001011,011000001100,001000101100,011001001111,000011000,10000011,000011,0000010,01110,000010,1001,001,0,
